赛马娘：评价分、属性分、等级阈值、技能价格完整整理
生成日期：2026-07-20

【0. 适用范围与来源】
- master.mdb SHA-256: b387ffd16d0ee2c28ed9a1711049a3635c204fc72b652f616e7a199c698c51f0
- 属性分来源: hzyhhzy/UmaAi / Cook2 / 2b06fb9 / UmaSimulator/GameDatabase/GameConstants.cpp / FiveStatusFinalScore
- 等级阈值来源: master.mdb.single_mode_rank（298行）
- 技能名来源: master.mdb.text_data(category=47)
- 技能基础评价分来源: master.mdb.skill_data.grade_value
- 技能原价来源: master.mdb.single_mode_skill_need_point.need_skill_point
- 本文件使用制表符分列，是人可读且可直接按TSV解析的TXT；未生成混合型大型JSON。

【1. 总评价结构】
总评价 = 五维属性评价分之和 + 已学技能评价分 + 固有技能等其他评价项 + 结算规则中的剩余技能Pt评价。
五维属性（速度/耐力/力量/根性/智力）共用同一张 FiveStatusFinalScore 查表。
技能 Hint 与“切れ者”改变的是购买技能所需技能Pt，不直接改变该技能的 grade_value。
注意：下方 grade_value 是MDB中的技能基础评价值；适性、技能替换/上下位、固有等级等最终结算规则须在模拟器中另行处理。

【2. Hint与切れ者折扣】
Hint Lv0: 原价100%；Lv1: 90%；Lv2: 80%；Lv3: 70%；Lv4: 65%；Lv5: 60%。
切れ者: 在Hint折扣后的价格基础上再减10%，即再乘0.9；例如Hint后为原价50%时，切れ者后约为原价45%。
重要：精确整数取整顺序仍须用客户端逻辑/实机边界样本核验；在完成该核验前，不把浮点近似冒充逐点实机价格。

【3. 完整属性评价分表：0～2800】
属性值	单项属性评价分	相对上一点增量
0	0	0
1	1	1
2	1	0
3	2	1
4	2	0
5	3	1
6	3	0
7	4	1
8	4	0
9	5	1
10	5	0
11	6	1
12	6	0
13	7	1
14	7	0
15	8	1
16	8	0
17	9	1
18	9	0
19	10	1
20	10	0
21	11	1
22	11	0
23	12	1
24	12	0
25	13	1
26	13	0
27	14	1
28	14	0
29	15	1
30	15	0
31	16	1
32	16	0
33	17	1
34	17	0
35	18	1
36	18	0
37	19	1
38	19	0
39	20	1
40	20	0
41	21	1
42	21	0
43	22	1
44	22	0
45	23	1
46	23	0
47	24	1
48	24	0
49	25	1
50	25	0
51	26	1
52	27	1
53	28	1
54	29	1
55	29	0
56	30	1
57	31	1
58	32	1
59	33	1
60	33	0
61	34	1
62	35	1
63	36	1
64	37	1
65	37	0
66	38	1
67	39	1
68	40	1
69	41	1
70	41	0
71	42	1
72	43	1
73	44	1
74	45	1
75	45	0
76	46	1
77	47	1
78	48	1
79	49	1
80	49	0
81	50	1
82	51	1
83	52	1
84	53	1
85	53	0
86	54	1
87	55	1
88	56	1
89	57	1
90	57	0
91	58	1
92	59	1
93	60	1
94	61	1
95	61	0
96	62	1
97	63	1
98	64	1
99	65	1
100	66	1
101	67	1
102	68	1
103	69	1
104	70	1
105	71	1
106	72	1
107	73	1
108	74	1
109	75	1
110	76	1
111	77	1
112	78	1
113	79	1
114	80	1
115	81	1
116	82	1
117	83	1
118	84	1
119	85	1
120	86	1
121	87	1
122	88	1
123	89	1
124	90	1
125	91	1
126	92	1
127	93	1
128	94	1
129	95	1
130	96	1
131	97	1
132	98	1
133	99	1
134	100	1
135	101	1
136	102	1
137	103	1
138	104	1
139	105	1
140	106	1
141	107	1
142	108	1
143	109	1
144	110	1
145	111	1
146	112	1
147	113	1
148	114	1
149	115	1
150	116	1
151	117	1
152	118	1
153	120	2
154	121	1
155	122	1
156	124	2
157	125	1
158	126	1
159	128	2
160	129	1
161	130	1
162	131	1
163	133	2
164	134	1
165	135	1
166	137	2
167	138	1
168	139	1
169	141	2
170	142	1
171	143	1
172	144	1
173	146	2
174	147	1
175	148	1
176	150	2
177	151	1
178	152	1
179	154	2
180	155	1
181	156	1
182	157	1
183	159	2
184	160	1
185	161	1
186	163	2
187	164	1
188	165	1
189	167	2
190	168	1
191	169	1
192	170	1
193	172	2
194	173	1
195	174	1
196	176	2
197	177	1
198	178	1
199	180	2
200	181	1
201	183	2
202	184	1
203	186	2
204	188	2
205	189	1
206	191	2
207	192	1
208	194	2
209	196	2
210	197	1
211	199	2
212	200	1
213	202	2
214	204	2
215	205	1
216	207	2
217	208	1
218	210	2
219	212	2
220	213	1
221	215	2
222	216	1
223	218	2
224	220	2
225	221	1
226	223	2
227	224	1
228	226	2
229	228	2
230	229	1
231	231	2
232	232	1
233	234	2
234	236	2
235	237	1
236	239	2
237	240	1
238	242	2
239	244	2
240	245	1
241	247	2
242	248	1
243	250	2
244	252	2
245	253	1
246	255	2
247	256	1
248	258	2
249	260	2
250	261	1
251	263	2
252	265	2
253	267	2
254	269	2
255	270	1
256	272	2
257	274	2
258	276	2
259	278	2
260	279	1
261	281	2
262	283	2
263	285	2
264	287	2
265	288	1
266	290	2
267	292	2
268	294	2
269	296	2
270	297	1
271	299	2
272	301	2
273	303	2
274	305	2
275	306	1
276	308	2
277	310	2
278	312	2
279	314	2
280	315	1
281	317	2
282	319	2
283	321	2
284	323	2
285	324	1
286	326	2
287	328	2
288	330	2
289	332	2
290	333	1
291	335	2
292	337	2
293	339	2
294	341	2
295	342	1
296	344	2
297	346	2
298	348	2
299	350	2
300	352	2
301	354	2
302	356	2
303	358	2
304	360	2
305	362	2
306	364	2
307	366	2
308	368	2
309	371	3
310	373	2
311	375	2
312	377	2
313	379	2
314	381	2
315	383	2
316	385	2
317	387	2
318	389	2
319	392	3
320	394	2
321	396	2
322	398	2
323	400	2
324	402	2
325	404	2
326	406	2
327	408	2
328	410	2
329	413	3
330	415	2
331	417	2
332	419	2
333	421	2
334	423	2
335	425	2
336	427	2
337	429	2
338	431	2
339	434	3
340	436	2
341	438	2
342	440	2
343	442	2
344	444	2
345	446	2
346	448	2
347	450	2
348	452	2
349	455	3
350	457	2
351	459	2
352	462	3
353	464	2
354	467	3
355	469	2
356	471	2
357	474	3
358	476	2
359	479	3
360	481	2
361	483	2
362	486	3
363	488	2
364	491	3
365	493	2
366	495	2
367	498	3
368	500	2
369	503	3
370	505	2
371	507	2
372	510	3
373	512	2
374	515	3
375	517	2
376	519	2
377	522	3
378	524	2
379	527	3
380	529	2
381	531	2
382	534	3
383	536	2
384	539	3
385	541	2
386	543	2
387	546	3
388	548	2
389	551	3
390	553	2
391	555	2
392	558	3
393	560	2
394	563	3
395	565	2
396	567	2
397	570	3
398	572	2
399	575	3
400	577	2
401	580	3
402	582	2
403	585	3
404	588	3
405	590	2
406	593	3
407	595	2
408	598	3
409	601	3
410	603	2
411	606	3
412	608	2
413	611	3
414	614	3
415	616	2
416	619	3
417	621	2
418	624	3
419	627	3
420	629	2
421	632	3
422	634	2
423	637	3
424	640	3
425	642	2
426	645	3
427	647	2
428	650	3
429	653	3
430	655	2
431	658	3
432	660	2
433	663	3
434	666	3
435	668	2
436	671	3
437	673	2
438	676	3
439	679	3
440	681	2
441	684	3
442	686	2
443	689	3
444	692	3
445	694	2
446	697	3
447	699	2
448	702	3
449	705	3
450	707	2
451	710	3
452	713	3
453	716	3
454	719	3
455	721	2
456	724	3
457	727	3
458	730	3
459	733	3
460	735	2
461	738	3
462	741	3
463	744	3
464	747	3
465	749	2
466	752	3
467	755	3
468	758	3
469	761	3
470	763	2
471	766	3
472	769	3
473	772	3
474	775	3
475	777	2
476	780	3
477	783	3
478	786	3
479	789	3
480	791	2
481	794	3
482	797	3
483	800	3
484	803	3
485	805	2
486	808	3
487	811	3
488	814	3
489	817	3
490	819	2
491	822	3
492	825	3
493	828	3
494	831	3
495	833	2
496	836	3
497	839	3
498	842	3
499	845	3
500	847	2
501	850	3
502	853	3
503	856	3
504	859	3
505	862	3
506	865	3
507	868	3
508	871	3
509	874	3
510	876	2
511	879	3
512	882	3
513	885	3
514	888	3
515	891	3
516	894	3
517	897	3
518	900	3
519	903	3
520	905	2
521	908	3
522	911	3
523	914	3
524	917	3
525	920	3
526	923	3
527	926	3
528	929	3
529	932	3
530	934	2
531	937	3
532	940	3
533	943	3
534	946	3
535	949	3
536	952	3
537	955	3
538	958	3
539	961	3
540	963	2
541	966	3
542	969	3
543	972	3
544	975	3
545	978	3
546	981	3
547	984	3
548	987	3
549	990	3
550	993	3
551	996	3
552	999	3
553	1002	3
554	1005	3
555	1008	3
556	1011	3
557	1014	3
558	1017	3
559	1020	3
560	1023	3
561	1026	3
562	1029	3
563	1032	3
564	1035	3
565	1038	3
566	1041	3
567	1044	3
568	1047	3
569	1050	3
570	1053	3
571	1056	3
572	1059	3
573	1062	3
574	1065	3
575	1068	3
576	1071	3
577	1074	3
578	1077	3
579	1080	3
580	1083	3
581	1086	3
582	1089	3
583	1092	3
584	1095	3
585	1098	3
586	1101	3
587	1104	3
588	1107	3
589	1110	3
590	1113	3
591	1116	3
592	1119	3
593	1122	3
594	1125	3
595	1128	3
596	1131	3
597	1134	3
598	1137	3
599	1140	3
600	1143	3
601	1146	3
602	1149	3
603	1152	3
604	1155	3
605	1158	3
606	1161	3
607	1164	3
608	1167	3
609	1171	4
610	1174	3
611	1177	3
612	1180	3
613	1183	3
614	1186	3
615	1189	3
616	1192	3
617	1195	3
618	1198	3
619	1202	4
620	1205	3
621	1208	3
622	1211	3
623	1214	3
624	1217	3
625	1220	3
626	1223	3
627	1226	3
628	1229	3
629	1233	4
630	1236	3
631	1239	3
632	1242	3
633	1245	3
634	1248	3
635	1251	3
636	1254	3
637	1257	3
638	1260	3
639	1264	4
640	1267	3
641	1270	3
642	1273	3
643	1276	3
644	1279	3
645	1282	3
646	1285	3
647	1288	3
648	1291	3
649	1295	4
650	1298	3
651	1301	3
652	1304	3
653	1308	4
654	1311	3
655	1314	3
656	1318	4
657	1321	3
658	1324	3
659	1328	4
660	1331	3
661	1334	3
662	1337	3
663	1341	4
664	1344	3
665	1347	3
666	1351	4
667	1354	3
668	1357	3
669	1361	4
670	1364	3
671	1367	3
672	1370	3
673	1374	4
674	1377	3
675	1380	3
676	1384	4
677	1387	3
678	1390	3
679	1394	4
680	1397	3
681	1400	3
682	1403	3
683	1407	4
684	1410	3
685	1413	3
686	1417	4
687	1420	3
688	1423	3
689	1427	4
690	1430	3
691	1433	3
692	1436	3
693	1440	4
694	1443	3
695	1446	3
696	1450	4
697	1453	3
698	1456	3
699	1460	4
700	1463	3
701	1466	3
702	1470	4
703	1473	3
704	1477	4
705	1480	3
706	1483	3
707	1487	4
708	1490	3
709	1494	4
710	1497	3
711	1500	3
712	1504	4
713	1507	3
714	1511	4
715	1514	3
716	1517	3
717	1521	4
718	1524	3
719	1528	4
720	1531	3
721	1534	3
722	1538	4
723	1541	3
724	1545	4
725	1548	3
726	1551	3
727	1555	4
728	1558	3
729	1562	4
730	1565	3
731	1568	3
732	1572	4
733	1575	3
734	1579	4
735	1582	3
736	1585	3
737	1589	4
738	1592	3
739	1596	4
740	1599	3
741	1602	3
742	1606	4
743	1609	3
744	1613	4
745	1616	3
746	1619	3
747	1623	4
748	1626	3
749	1630	4
750	1633	3
751	1637	4
752	1640	3
753	1644	4
754	1647	3
755	1651	4
756	1654	3
757	1658	4
758	1661	3
759	1665	4
760	1668	3
761	1672	4
762	1675	3
763	1679	4
764	1682	3
765	1686	4
766	1689	3
767	1693	4
768	1696	3
769	1700	4
770	1703	3
771	1707	4
772	1710	3
773	1714	4
774	1717	3
775	1721	4
776	1724	3
777	1728	4
778	1731	3
779	1735	4
780	1738	3
781	1742	4
782	1745	3
783	1749	4
784	1752	3
785	1756	4
786	1759	3
787	1763	4
788	1766	3
789	1770	4
790	1773	3
791	1777	4
792	1780	3
793	1784	4
794	1787	3
795	1791	4
796	1794	3
797	1798	4
798	1801	3
799	1805	4
800	1808	3
801	1812	4
802	1816	4
803	1820	4
804	1824	4
805	1828	4
806	1832	4
807	1836	4
808	1840	4
809	1844	4
810	1847	3
811	1851	4
812	1855	4
813	1859	4
814	1863	4
815	1867	4
816	1871	4
817	1875	4
818	1879	4
819	1883	4
820	1886	3
821	1890	4
822	1894	4
823	1898	4
824	1902	4
825	1906	4
826	1910	4
827	1914	4
828	1918	4
829	1922	4
830	1925	3
831	1929	4
832	1933	4
833	1937	4
834	1941	4
835	1945	4
836	1949	4
837	1953	4
838	1957	4
839	1961	4
840	1964	3
841	1968	4
842	1972	4
843	1976	4
844	1980	4
845	1984	4
846	1988	4
847	1992	4
848	1996	4
849	2000	4
850	2004	4
851	2008	4
852	2012	4
853	2016	4
854	2020	4
855	2024	4
856	2028	4
857	2032	4
858	2036	4
859	2041	5
860	2045	4
861	2049	4
862	2053	4
863	2057	4
864	2061	4
865	2065	4
866	2069	4
867	2073	4
868	2077	4
869	2082	5
870	2086	4
871	2090	4
872	2094	4
873	2098	4
874	2102	4
875	2106	4
876	2110	4
877	2114	4
878	2118	4
879	2123	5
880	2127	4
881	2131	4
882	2135	4
883	2139	4
884	2143	4
885	2147	4
886	2151	4
887	2155	4
888	2159	4
889	2164	5
890	2168	4
891	2172	4
892	2176	4
893	2180	4
894	2184	4
895	2188	4
896	2192	4
897	2196	4
898	2200	4
899	2205	5
900	2209	4
901	2213	4
902	2217	4
903	2221	4
904	2226	5
905	2230	4
906	2234	4
907	2238	4
908	2242	4
909	2247	5
910	2251	4
911	2255	4
912	2259	4
913	2263	4
914	2268	5
915	2272	4
916	2276	4
917	2280	4
918	2284	4
919	2289	5
920	2293	4
921	2297	4
922	2301	4
923	2305	4
924	2310	5
925	2314	4
926	2318	4
927	2322	4
928	2326	4
929	2331	5
930	2335	4
931	2339	4
932	2343	4
933	2347	4
934	2352	5
935	2356	4
936	2360	4
937	2364	4
938	2368	4
939	2373	5
940	2377	4
941	2381	4
942	2385	4
943	2389	4
944	2394	5
945	2398	4
946	2402	4
947	2406	4
948	2410	4
949	2415	5
950	2419	4
951	2423	4
952	2427	4
953	2432	5
954	2436	4
955	2440	4
956	2445	5
957	2449	4
958	2453	4
959	2458	5
960	2462	4
961	2466	4
962	2470	4
963	2475	5
964	2479	4
965	2483	4
966	2488	5
967	2492	4
968	2496	4
969	2501	5
970	2505	4
971	2509	4
972	2513	4
973	2518	5
974	2522	4
975	2526	4
976	2531	5
977	2535	4
978	2539	4
979	2544	5
980	2548	4
981	2552	4
982	2556	4
983	2561	5
984	2565	4
985	2569	4
986	2574	5
987	2578	4
988	2582	4
989	2587	5
990	2591	4
991	2595	4
992	2599	4
993	2604	5
994	2608	4
995	2612	4
996	2617	5
997	2621	4
998	2625	4
999	2630	5
1000	2635	5
1001	2640	5
1002	2645	5
1003	2650	5
1004	2656	6
1005	2661	5
1006	2666	5
1007	2671	5
1008	2676	5
1009	2682	6
1010	2687	5
1011	2692	5
1012	2697	5
1013	2702	5
1014	2708	6
1015	2713	5
1016	2718	5
1017	2723	5
1018	2728	5
1019	2734	6
1020	2739	5
1021	2744	5
1022	2749	5
1023	2754	5
1024	2760	6
1025	2765	5
1026	2770	5
1027	2775	5
1028	2780	5
1029	2786	6
1030	2791	5
1031	2796	5
1032	2801	5
1033	2806	5
1034	2812	6
1035	2817	5
1036	2822	5
1037	2827	5
1038	2832	5
1039	2838	6
1040	2843	5
1041	2848	5
1042	2853	5
1043	2858	5
1044	2864	6
1045	2869	5
1046	2874	5
1047	2879	5
1048	2884	5
1049	2890	6
1050	2895	5
1051	2901	6
1052	2906	5
1053	2912	6
1054	2917	5
1055	2923	6
1056	2928	5
1057	2934	6
1058	2939	5
1059	2945	6
1060	2950	5
1061	2956	6
1062	2961	5
1063	2967	6
1064	2972	5
1065	2978	6
1066	2983	5
1067	2989	6
1068	2994	5
1069	3000	6
1070	3005	5
1071	3011	6
1072	3016	5
1073	3022	6
1074	3027	5
1075	3033	6
1076	3038	5
1077	3044	6
1078	3049	5
1079	3055	6
1080	3060	5
1081	3066	6
1082	3071	5
1083	3077	6
1084	3082	5
1085	3088	6
1086	3093	5
1087	3099	6
1088	3104	5
1089	3110	6
1090	3115	5
1091	3121	6
1092	3126	5
1093	3132	6
1094	3137	5
1095	3143	6
1096	3148	5
1097	3154	6
1098	3159	5
1099	3165	6
1100	3171	6
1101	3178	7
1102	3184	6
1103	3191	7
1104	3198	7
1105	3204	6
1106	3211	7
1107	3217	6
1108	3224	7
1109	3231	7
1110	3237	6
1111	3244	7
1112	3250	6
1113	3257	7
1114	3264	7
1115	3270	6
1116	3277	7
1117	3283	6
1118	3290	7
1119	3297	7
1120	3303	6
1121	3310	7
1122	3316	6
1123	3323	7
1124	3330	7
1125	3336	6
1126	3343	7
1127	3349	6
1128	3356	7
1129	3363	7
1130	3369	6
1131	3376	7
1132	3382	6
1133	3389	7
1134	3396	7
1135	3402	6
1136	3409	7
1137	3415	6
1138	3422	7
1139	3429	7
1140	3435	6
1141	3442	7
1142	3448	6
1143	3455	7
1144	3462	7
1145	3468	6
1146	3475	7
1147	3481	6
1148	3488	7
1149	3495	7
1150	3501	6
1151	3508	7
1152	3515	7
1153	3522	7
1154	3529	7
1155	3535	6
1156	3542	7
1157	3549	7
1158	3556	7
1159	3563	7
1160	3569	6
1161	3576	7
1162	3583	7
1163	3590	7
1164	3597	7
1165	3603	6
1166	3610	7
1167	3617	7
1168	3624	7
1169	3631	7
1170	3637	6
1171	3644	7
1172	3651	7
1173	3658	7
1174	3665	7
1175	3671	6
1176	3678	7
1177	3685	7
1178	3692	7
1179	3699	7
1180	3705	6
1181	3712	7
1182	3719	7
1183	3726	7
1184	3733	7
1185	3739	6
1186	3746	7
1187	3753	7
1188	3760	7
1189	3767	7
1190	3773	6
1191	3780	7
1192	3787	7
1193	3794	7
1194	3801	7
1195	3807	6
1196	3814	7
1197	3821	7
1198	3828	7
1199	3835	7
1200	3841	6
1201	3841	0
1202	3849	8
1203	3849	0
1204	3857	8
1205	3857	0
1206	3865	8
1207	3865	0
1208	3873	8
1209	3873	0
1210	3881	8
1211	3881	0
1212	3889	8
1213	3889	0
1214	3897	8
1215	3897	0
1216	3905	8
1217	3905	0
1218	3912	7
1219	3912	0
1220	3920	8
1221	3920	0
1222	3928	8
1223	3928	0
1224	3936	8
1225	3936	0
1226	3944	8
1227	3944	0
1228	3952	8
1229	3952	0
1230	3960	8
1231	3960	0
1232	3968	8
1233	3968	0
1234	3976	8
1235	3976	0
1236	3984	8
1237	3984	0
1238	3992	8
1239	3992	0
1240	4001	9
1241	4001	0
1242	4009	8
1243	4009	0
1244	4017	8
1245	4017	0
1246	4025	8
1247	4025	0
1248	4033	8
1249	4033	0
1250	4041	8
1251	4041	0
1252	4049	8
1253	4049	0
1254	4057	8
1255	4057	0
1256	4065	8
1257	4065	0
1258	4073	8
1259	4073	0
1260	4082	9
1261	4082	0
1262	4090	8
1263	4090	0
1264	4098	8
1265	4098	0
1266	4107	9
1267	4107	0
1268	4115	8
1269	4115	0
1270	4123	8
1271	4123	0
1272	4132	9
1273	4132	0
1274	4140	8
1275	4140	0
1276	4148	8
1277	4148	0
1278	4156	8
1279	4156	0
1280	4165	9
1281	4165	0
1282	4173	8
1283	4173	0
1284	4182	9
1285	4182	0
1286	4190	8
1287	4190	0
1288	4198	8
1289	4198	0
1290	4207	9
1291	4207	0
1292	4215	8
1293	4215	0
1294	4224	9
1295	4224	0
1296	4232	8
1297	4232	0
1298	4240	8
1299	4240	0
1300	4249	9
1301	4249	0
1302	4257	8
1303	4257	0
1304	4266	9
1305	4266	0
1306	4274	8
1307	4274	0
1308	4283	9
1309	4283	0
1310	4291	8
1311	4291	0
1312	4300	9
1313	4300	0
1314	4308	8
1315	4308	0
1316	4317	9
1317	4317	0
1318	4325	8
1319	4325	0
1320	4334	9
1321	4334	0
1322	4343	9
1323	4343	0
1324	4351	8
1325	4351	0
1326	4360	9
1327	4360	0
1328	4368	8
1329	4368	0
1330	4377	9
1331	4377	0
1332	4386	9
1333	4386	0
1334	4394	8
1335	4394	0
1336	4403	9
1337	4403	0
1338	4411	8
1339	4411	0
1340	4420	9
1341	4420	0
1342	4429	9
1343	4429	0
1344	4438	9
1345	4438	0
1346	4447	9
1347	4447	0
1348	4455	8
1349	4455	0
1350	4464	9
1351	4464	0
1352	4473	9
1353	4473	0
1354	4482	9
1355	4482	0
1356	4491	9
1357	4491	0
1358	4499	8
1359	4499	0
1360	4508	9
1361	4508	0
1362	4517	9
1363	4517	0
1364	4526	9
1365	4526	0
1366	4535	9
1367	4535	0
1368	4544	9
1369	4544	0
1370	4553	9
1371	4553	0
1372	4562	9
1373	4562	0
1374	4571	9
1375	4571	0
1376	4580	9
1377	4580	0
1378	4588	8
1379	4588	0
1380	4597	9
1381	4597	0
1382	4606	9
1383	4606	0
1384	4615	9
1385	4615	0
1386	4624	9
1387	4624	0
1388	4633	9
1389	4633	0
1390	4642	9
1391	4642	0
1392	4651	9
1393	4651	0
1394	4660	9
1395	4660	0
1396	4669	9
1397	4669	0
1398	4678	9
1399	4678	0
1400	4688	10
1401	4688	0
1402	4697	9
1403	4697	0
1404	4706	9
1405	4706	0
1406	4715	9
1407	4715	0
1408	4724	9
1409	4724	0
1410	4734	10
1411	4734	0
1412	4743	9
1413	4743	0
1414	4752	9
1415	4752	0
1416	4761	9
1417	4761	0
1418	4770	9
1419	4770	0
1420	4780	10
1421	4780	0
1422	4789	9
1423	4789	0
1424	4798	9
1425	4798	0
1426	4808	10
1427	4808	0
1428	4817	9
1429	4817	0
1430	4826	9
1431	4826	0
1432	4836	10
1433	4836	0
1434	4845	9
1435	4845	0
1436	4854	9
1437	4854	0
1438	4863	9
1439	4863	0
1440	4873	10
1441	4873	0
1442	4882	9
1443	4882	0
1444	4892	10
1445	4892	0
1446	4901	9
1447	4901	0
1448	4910	9
1449	4910	0
1450	4920	10
1451	4920	0
1452	4929	9
1453	4929	0
1454	4939	10
1455	4939	0
1456	4948	9
1457	4948	0
1458	4957	9
1459	4957	0
1460	4967	10
1461	4967	0
1462	4977	10
1463	4977	0
1464	4986	9
1465	4986	0
1466	4996	10
1467	4996	0
1468	5005	9
1469	5005	0
1470	5015	10
1471	5015	0
1472	5025	10
1473	5025	0
1474	5034	9
1475	5034	0
1476	5044	10
1477	5044	0
1478	5053	9
1479	5053	0
1480	5063	10
1481	5063	0
1482	5073	10
1483	5073	0
1484	5083	10
1485	5083	0
1486	5092	9
1487	5092	0
1488	5102	10
1489	5102	0
1490	5112	10
1491	5112	0
1492	5121	9
1493	5121	0
1494	5131	10
1495	5131	0
1496	5141	10
1497	5141	0
1498	5150	9
1499	5150	0
1500	5160	10
1501	5160	0
1502	5170	10
1503	5170	0
1504	5180	10
1505	5180	0
1506	5190	10
1507	5190	0
1508	5199	9
1509	5199	0
1510	5209	10
1511	5209	0
1512	5219	10
1513	5219	0
1514	5229	10
1515	5229	0
1516	5239	10
1517	5239	0
1518	5248	9
1519	5248	0
1520	5258	10
1521	5258	0
1522	5268	10
1523	5268	0
1524	5278	10
1525	5278	0
1526	5288	10
1527	5288	0
1528	5298	10
1529	5298	0
1530	5308	10
1531	5308	0
1532	5318	10
1533	5318	0
1534	5328	10
1535	5328	0
1536	5338	10
1537	5338	0
1538	5348	10
1539	5348	0
1540	5359	11
1541	5359	0
1542	5369	10
1543	5369	0
1544	5379	10
1545	5379	0
1546	5389	10
1547	5389	0
1548	5399	10
1549	5399	0
1550	5409	10
1551	5409	0
1552	5419	10
1553	5419	0
1554	5429	10
1555	5429	0
1556	5439	10
1557	5439	0
1558	5449	10
1559	5449	0
1560	5460	11
1561	5460	0
1562	5470	10
1563	5470	0
1564	5480	10
1565	5480	0
1566	5490	10
1567	5490	0
1568	5500	10
1569	5500	0
1570	5511	11
1571	5511	0
1572	5521	10
1573	5521	0
1574	5531	10
1575	5531	0
1576	5541	10
1577	5541	0
1578	5551	10
1579	5551	0
1580	5562	11
1581	5562	0
1582	5572	10
1583	5572	0
1584	5582	10
1585	5582	0
1586	5593	11
1587	5593	0
1588	5603	10
1589	5603	0
1590	5613	10
1591	5613	0
1592	5624	11
1593	5624	0
1594	5634	10
1595	5634	0
1596	5644	10
1597	5644	0
1598	5654	10
1599	5654	0
1600	5665	11
1601	5665	0
1602	5675	10
1603	5675	0
1604	5686	11
1605	5686	0
1606	5696	10
1607	5696	0
1608	5707	11
1609	5707	0
1610	5717	10
1611	5717	0
1612	5728	11
1613	5728	0
1614	5738	10
1615	5738	0
1616	5749	11
1617	5749	0
1618	5759	10
1619	5759	0
1620	5770	11
1621	5770	0
1622	5781	11
1623	5781	0
1624	5791	10
1625	5791	0
1626	5802	11
1627	5802	0
1628	5812	10
1629	5812	0
1630	5823	11
1631	5823	0
1632	5834	11
1633	5834	0
1634	5844	10
1635	5844	0
1636	5855	11
1637	5855	0
1638	5865	10
1639	5865	0
1640	5876	11
1641	5876	0
1642	5887	11
1643	5887	0
1644	5898	11
1645	5898	0
1646	5908	10
1647	5908	0
1648	5919	11
1649	5919	0
1650	5930	11
1651	5930	0
1652	5940	10
1653	5940	0
1654	5951	11
1655	5951	0
1656	5962	11
1657	5962	0
1658	5972	10
1659	5972	0
1660	5983	11
1661	5983	0
1662	5994	11
1663	5994	0
1664	6005	11
1665	6005	0
1666	6016	11
1667	6016	0
1668	6027	11
1669	6027	0
1670	6038	11
1671	6038	0
1672	6049	11
1673	6049	0
1674	6060	11
1675	6060	0
1676	6071	11
1677	6071	0
1678	6081	10
1679	6081	0
1680	6092	11
1681	6092	0
1682	6103	11
1683	6103	0
1684	6114	11
1685	6114	0
1686	6125	11
1687	6125	0
1688	6136	11
1689	6136	0
1690	6147	11
1691	6147	0
1692	6158	11
1693	6158	0
1694	6169	11
1695	6169	0
1696	6180	11
1697	6180	0
1698	6191	11
1699	6191	0
1700	6203	12
1701	6203	0
1702	6214	11
1703	6214	0
1704	6225	11
1705	6225	0
1706	6236	11
1707	6236	0
1708	6247	11
1709	6247	0
1710	6258	11
1711	6258	0
1712	6269	11
1713	6269	0
1714	6280	11
1715	6280	0
1716	6291	11
1717	6291	0
1718	6302	11
1719	6302	0
1720	6314	12
1721	6314	0
1722	6325	11
1723	6325	0
1724	6336	11
1725	6336	0
1726	6348	12
1727	6348	0
1728	6359	11
1729	6359	0
1730	6370	11
1731	6370	0
1732	6382	12
1733	6382	0
1734	6393	11
1735	6393	0
1736	6404	11
1737	6404	0
1738	6415	11
1739	6415	0
1740	6427	12
1741	6427	0
1742	6438	11
1743	6438	0
1744	6450	12
1745	6450	0
1746	6461	11
1747	6461	0
1748	6472	11
1749	6472	0
1750	6484	12
1751	6484	0
1752	6495	11
1753	6495	0
1754	6507	12
1755	6507	0
1756	6518	11
1757	6518	0
1758	6529	11
1759	6529	0
1760	6541	12
1761	6541	0
1762	6552	11
1763	6552	0
1764	6564	12
1765	6564	0
1766	6575	11
1767	6575	0
1768	6587	12
1769	6587	0
1770	6598	11
1771	6598	0
1772	6610	12
1773	6610	0
1774	6621	11
1775	6621	0
1776	6633	12
1777	6633	0
1778	6644	11
1779	6644	0
1780	6656	12
1781	6656	0
1782	6668	12
1783	6668	0
1784	6680	12
1785	6680	0
1786	6691	11
1787	6691	0
1788	6703	12
1789	6703	0
1790	6715	12
1791	6715	0
1792	6726	11
1793	6726	0
1794	6738	12
1795	6738	0
1796	6750	12
1797	6750	0
1798	6761	11
1799	6761	0
1800	6773	12
1801	6773	0
1802	6785	12
1803	6785	0
1804	6797	12
1805	6797	0
1806	6809	12
1807	6809	0
1808	6820	11
1809	6820	0
1810	6832	12
1811	6832	0
1812	6844	12
1813	6844	0
1814	6856	12
1815	6856	0
1816	6868	12
1817	6868	0
1818	6879	11
1819	6879	0
1820	6891	12
1821	6891	0
1822	6903	12
1823	6903	0
1824	6915	12
1825	6915	0
1826	6927	12
1827	6927	0
1828	6939	12
1829	6939	0
1830	6951	12
1831	6951	0
1832	6963	12
1833	6963	0
1834	6975	12
1835	6975	0
1836	6987	12
1837	6987	0
1838	6998	11
1839	6998	0
1840	7011	13
1841	7011	0
1842	7023	12
1843	7023	0
1844	7035	12
1845	7035	0
1846	7047	12
1847	7047	0
1848	7059	12
1849	7059	0
1850	7071	12
1851	7071	0
1852	7083	12
1853	7083	0
1854	7095	12
1855	7095	0
1856	7107	12
1857	7107	0
1858	7119	12
1859	7119	0
1860	7132	13
1861	7132	0
1862	7144	12
1863	7144	0
1864	7156	12
1865	7156	0
1866	7168	12
1867	7168	0
1868	7180	12
1869	7180	0
1870	7193	13
1871	7193	0
1872	7205	12
1873	7205	0
1874	7217	12
1875	7217	0
1876	7229	12
1877	7229	0
1878	7241	12
1879	7241	0
1880	7254	13
1881	7254	0
1882	7266	12
1883	7266	0
1884	7278	12
1885	7278	0
1886	7291	13
1887	7291	0
1888	7303	12
1889	7303	0
1890	7315	12
1891	7315	0
1892	7328	13
1893	7328	0
1894	7340	12
1895	7340	0
1896	7352	12
1897	7352	0
1898	7364	12
1899	7364	0
1900	7377	13
1901	7377	0
1902	7389	12
1903	7389	0
1904	7402	13
1905	7402	0
1906	7414	12
1907	7414	0
1908	7426	12
1909	7426	0
1910	7439	13
1911	7439	0
1912	7451	12
1913	7451	0
1914	7464	13
1915	7464	0
1916	7476	12
1917	7476	0
1918	7488	12
1919	7488	0
1920	7501	13
1921	7501	0
1922	7514	13
1923	7514	0
1924	7526	12
1925	7526	0
1926	7539	13
1927	7539	0
1928	7551	12
1929	7551	0
1930	7564	13
1931	7564	0
1932	7577	13
1933	7577	0
1934	7589	12
1935	7589	0
1936	7602	13
1937	7602	0
1938	7614	12
1939	7614	0
1940	7627	13
1941	7627	0
1942	7640	13
1943	7640	0
1944	7653	13
1945	7653	0
1946	7665	12
1947	7665	0
1948	7678	13
1949	7678	0
1950	7691	13
1951	7691	0
1952	7703	12
1953	7703	0
1954	7716	13
1955	7716	0
1956	7729	13
1957	7729	0
1958	7741	12
1959	7741	0
1960	7754	13
1961	7754	0
1962	7767	13
1963	7767	0
1964	7780	13
1965	7780	0
1966	7793	13
1967	7793	0
1968	7805	12
1969	7805	0
1970	7818	13
1971	7818	0
1972	7831	13
1973	7831	0
1974	7844	13
1975	7844	0
1976	7857	13
1977	7857	0
1978	7869	12
1979	7869	0
1980	7882	13
1981	7882	0
1982	7895	13
1983	7895	0
1984	7908	13
1985	7908	0
1986	7921	13
1987	7921	0
1988	7934	13
1989	7934	0
1990	7947	13
1991	7947	0
1992	7960	13
1993	7960	0
1994	7973	13
1995	7973	0
1996	7986	13
1997	7986	0
1998	7999	13
1999	7999	0
2000	8013	14
2001	8013	0
2002	8026	13
2003	8026	0
2004	8039	13
2005	8039	0
2006	8052	13
2007	8052	0
2008	8065	13
2009	8065	0
2010	8078	13
2011	8078	0
2012	8091	13
2013	8091	0
2014	8104	13
2015	8104	0
2016	8117	13
2017	8117	0
2018	8130	13
2019	8130	0
2020	8144	14
2021	8144	0
2022	8157	13
2023	8157	0
2024	8170	13
2025	8170	0
2026	8183	13
2027	8183	0
2028	8196	13
2029	8196	0
2030	8210	14
2031	8210	0
2032	8223	13
2033	8223	0
2034	8236	13
2035	8236	0
2036	8249	13
2037	8249	0
2038	8262	13
2039	8262	0
2040	8276	14
2041	8276	0
2042	8289	13
2043	8289	0
2044	8303	14
2045	8303	0
2046	8316	13
2047	8316	0
2048	8329	13
2049	8329	0
2050	8343	14
2051	8343	0
2052	8356	13
2053	8356	0
2054	8370	14
2055	8370	0
2056	8383	13
2057	8383	0
2058	8396	13
2059	8396	0
2060	8410	14
2061	8410	0
2062	8423	13
2063	8423	0
2064	8437	14
2065	8437	0
2066	8450	13
2067	8450	0
2068	8464	14
2069	8464	0
2070	8477	13
2071	8477	0
2072	8491	14
2073	8491	0
2074	8504	13
2075	8504	0
2076	8518	14
2077	8518	0
2078	8531	13
2079	8531	0
2080	8545	14
2081	8545	0
2082	8559	14
2083	8559	0
2084	8572	13
2085	8572	0
2086	8586	14
2087	8586	0
2088	8599	13
2089	8599	0
2090	8613	14
2091	8613	0
2092	8627	14
2093	8627	0
2094	8640	13
2095	8640	0
2096	8654	14
2097	8654	0
2098	8667	13
2099	8667	0
2100	8681	14
2101	8681	0
2102	8695	14
2103	8695	0
2104	8709	14
2105	8709	0
2106	8723	14
2107	8723	0
2108	8736	13
2109	8736	0
2110	8750	14
2111	8750	0
2112	8764	14
2113	8764	0
2114	8778	14
2115	8778	0
2116	8792	14
2117	8792	0
2118	8805	13
2119	8805	0
2120	8819	14
2121	8819	0
2122	8833	14
2123	8833	0
2124	8847	14
2125	8847	0
2126	8861	14
2127	8861	0
2128	8875	14
2129	8875	0
2130	8889	14
2131	8889	0
2132	8903	14
2133	8903	0
2134	8917	14
2135	8917	0
2136	8931	14
2137	8931	0
2138	8944	13
2139	8944	0
2140	8958	14
2141	8958	0
2142	8972	14
2143	8972	0
2144	8986	14
2145	8986	0
2146	9000	14
2147	9000	0
2148	9014	14
2149	9014	0
2150	9028	14
2151	9028	0
2152	9042	14
2153	9042	0
2154	9056	14
2155	9056	0
2156	9070	14
2157	9070	0
2158	9084	14
2159	9084	0
2160	9099	15
2161	9099	0
2162	9113	14
2163	9113	0
2164	9127	14
2165	9127	0
2166	9141	14
2167	9141	0
2168	9155	14
2169	9155	0
2170	9169	14
2171	9169	0
2172	9183	14
2173	9183	0
2174	9197	14
2175	9197	0
2176	9211	14
2177	9211	0
2178	9225	14
2179	9225	0
2180	9240	15
2181	9240	0
2182	9254	14
2183	9254	0
2184	9268	14
2185	9268	0
2186	9283	15
2187	9283	0
2188	9297	14
2189	9297	0
2190	9311	14
2191	9311	0
2192	9326	15
2193	9326	0
2194	9340	14
2195	9340	0
2196	9354	14
2197	9354	0
2198	9368	14
2199	9368	0
2200	9383	15
2201	9383	0
2202	9397	14
2203	9397	0
2204	9412	15
2205	9412	0
2206	9426	14
2207	9426	0
2208	9440	14
2209	9440	0
2210	9455	15
2211	9455	0
2212	9469	14
2213	9469	0
2214	9484	15
2215	9484	0
2216	9498	14
2217	9498	0
2218	9512	14
2219	9512	0
2220	9527	15
2221	9527	0
2222	9541	14
2223	9541	0
2224	9556	15
2225	9556	0
2226	9570	14
2227	9570	0
2228	9585	15
2229	9585	0
2230	9599	14
2231	9599	0
2232	9614	15
2233	9614	0
2234	9628	14
2235	9628	0
2236	9643	15
2237	9643	0
2238	9657	14
2239	9657	0
2240	9672	15
2241	9672	0
2242	9687	15
2243	9687	0
2244	9702	15
2245	9702	0
2246	9716	14
2247	9716	0
2248	9731	15
2249	9731	0
2250	9746	15
2251	9746	0
2252	9760	14
2253	9760	0
2254	9775	15
2255	9775	0
2256	9790	15
2257	9790	0
2258	9804	14
2259	9804	0
2260	9819	15
2261	9819	0
2262	9834	15
2263	9834	0
2264	9849	15
2265	9849	0
2266	9864	15
2267	9864	0
2268	9878	14
2269	9878	0
2270	9893	15
2271	9893	0
2272	9908	15
2273	9908	0
2274	9923	15
2275	9923	0
2276	9938	15
2277	9938	0
2278	9952	14
2279	9952	0
2280	9967	15
2281	9967	0
2282	9982	15
2283	9982	0
2284	9997	15
2285	9997	0
2286	10012	15
2287	10012	0
2288	10027	15
2289	10027	0
2290	10042	15
2291	10042	0
2292	10057	15
2293	10057	0
2294	10072	15
2295	10072	0
2296	10087	15
2297	10087	0
2298	10101	14
2299	10101	0
2300	10117	16
2301	10117	0
2302	10132	15
2303	10132	0
2304	10147	15
2305	10147	0
2306	10162	15
2307	10162	0
2308	10177	15
2309	10177	0
2310	10192	15
2311	10192	0
2312	10207	15
2313	10207	0
2314	10222	15
2315	10222	0
2316	10237	15
2317	10237	0
2318	10252	15
2319	10252	0
2320	10268	16
2321	10268	0
2322	10283	15
2323	10283	0
2324	10298	15
2325	10298	0
2326	10313	15
2327	10313	0
2328	10328	15
2329	10328	0
2330	10344	16
2331	10344	0
2332	10359	15
2333	10359	0
2334	10374	15
2335	10374	0
2336	10389	15
2337	10389	0
2338	10404	15
2339	10404	0
2340	10420	16
2341	10420	0
2342	10435	15
2343	10435	0
2344	10450	15
2345	10450	0
2346	10466	16
2347	10466	0
2348	10481	15
2349	10481	0
2350	10496	15
2351	10496	0
2352	10512	16
2353	10512	0
2354	10527	15
2355	10527	0
2356	10542	15
2357	10542	0
2358	10557	15
2359	10557	0
2360	10573	16
2361	10573	0
2362	10588	15
2363	10588	0
2364	10604	16
2365	10604	0
2366	10619	15
2367	10619	0
2368	10635	16
2369	10635	0
2370	10650	15
2371	10650	0
2372	10666	16
2373	10666	0
2374	10681	15
2375	10681	0
2376	10697	16
2377	10697	0
2378	10712	15
2379	10712	0
2380	10728	16
2381	10728	0
2382	10744	16
2383	10744	0
2384	10759	15
2385	10759	0
2386	10775	16
2387	10775	0
2388	10790	15
2389	10790	0
2390	10806	16
2391	10806	0
2392	10822	16
2393	10822	0
2394	10837	15
2395	10837	0
2396	10853	16
2397	10853	0
2398	10868	15
2399	10868	0
2400	10884	16
2401	10884	0
2402	10900	16
2403	10900	0
2404	10916	16
2405	10916	0
2406	10931	15
2407	10931	0
2408	10947	16
2409	10947	0
2410	10963	16
2411	10963	0
2412	10978	15
2413	10978	0
2414	10994	16
2415	10994	0
2416	11010	16
2417	11010	0
2418	11025	15
2419	11025	0
2420	11041	16
2421	11041	0
2422	11057	16
2423	11057	0
2424	11073	16
2425	11073	0
2426	11089	16
2427	11089	0
2428	11105	16
2429	11105	0
2430	11121	16
2431	11121	0
2432	11137	16
2433	11137	0
2434	11153	16
2435	11153	0
2436	11169	16
2437	11169	0
2438	11184	15
2439	11184	0
2440	11200	16
2441	11200	0
2442	11216	16
2443	11216	0
2444	11232	16
2445	11232	0
2446	11248	16
2447	11248	0
2448	11264	16
2449	11264	0
2450	11280	16
2451	11280	0
2452	11296	16
2453	11296	0
2454	11312	16
2455	11312	0
2456	11328	16
2457	11328	0
2458	11344	16
2459	11344	0
2460	11361	17
2461	11361	0
2462	11377	16
2463	11377	0
2464	11393	16
2465	11393	0
2466	11409	16
2467	11409	0
2468	11425	16
2469	11425	0
2470	11441	16
2471	11441	0
2472	11457	16
2473	11457	0
2474	11473	16
2475	11473	0
2476	11489	16
2477	11489	0
2478	11505	16
2479	11505	0
2480	11522	17
2481	11522	0
2482	11538	16
2483	11538	0
2484	11554	16
2485	11554	0
2486	11570	16
2487	11570	0
2488	11586	16
2489	11586	0
2490	11603	17
2491	11603	0
2492	11619	16
2493	11619	0
2494	11635	16
2495	11635	0
2496	11651	16
2497	11651	0
2498	11667	16
2499	11667	0
2500	11684	17
2501	11684	0
2502	11700	16
2503	11700	0
2504	11717	17
2505	11717	0
2506	11733	16
2507	11733	0
2508	11749	16
2509	11749	0
2510	11766	17
2511	11766	0
2512	11782	16
2513	11782	0
2514	11799	17
2515	11799	0
2516	11815	16
2517	11815	0
2518	11831	16
2519	11831	0
2520	11848	17
2521	11848	0
2522	11864	16
2523	11864	0
2524	11881	17
2525	11881	0
2526	11897	16
2527	11897	0
2528	11914	17
2529	11914	0
2530	11930	16
2531	11930	0
2532	11947	17
2533	11947	0
2534	11963	16
2535	11963	0
2536	11980	17
2537	11980	0
2538	11996	16
2539	11996	0
2540	12013	17
2541	12013	0
2542	12030	17
2543	12030	0
2544	12046	16
2545	12046	0
2546	12063	17
2547	12063	0
2548	12079	16
2549	12079	0
2550	12096	17
2551	12096	0
2552	12113	17
2553	12113	0
2554	12129	16
2555	12129	0
2556	12146	17
2557	12146	0
2558	12162	16
2559	12162	0
2560	12179	17
2561	12179	0
2562	12196	17
2563	12196	0
2564	12213	17
2565	12213	0
2566	12230	17
2567	12230	0
2568	12246	16
2569	12246	0
2570	12263	17
2571	12263	0
2572	12280	17
2573	12280	0
2574	12297	17
2575	12297	0
2576	12314	17
2577	12314	0
2578	12330	16
2579	12330	0
2580	12347	17
2581	12347	0
2582	12364	17
2583	12364	0
2584	12381	17
2585	12381	0
2586	12398	17
2587	12398	0
2588	12415	17
2589	12415	0
2590	12432	17
2591	12432	0
2592	12449	17
2593	12449	0
2594	12466	17
2595	12466	0
2596	12483	17
2597	12483	0
2598	12499	16
2599	12499	0
2600	12516	17
2601	12516	0
2602	12533	17
2603	12533	0
2604	12550	17
2605	12550	0
2606	12567	17
2607	12567	0
2608	12584	17
2609	12584	0
2610	12601	17
2611	12601	0
2612	12618	17
2613	12618	0
2614	12635	17
2615	12635	0
2616	12652	17
2617	12652	0
2618	12669	17
2619	12669	0
2620	12687	18
2621	12687	0
2622	12704	17
2623	12704	0
2624	12721	17
2625	12721	0
2626	12738	17
2627	12738	0
2628	12755	17
2629	12755	0
2630	12773	18
2631	12773	0
2632	12790	17
2633	12790	0
2634	12807	17
2635	12807	0
2636	12824	17
2637	12824	0
2638	12841	17
2639	12841	0
2640	12859	18
2641	12859	0
2642	12876	17
2643	12876	0
2644	12893	17
2645	12893	0
2646	12911	18
2647	12911	0
2648	12928	17
2649	12928	0
2650	12945	17
2651	12945	0
2652	12963	18
2653	12963	0
2654	12980	17
2655	12980	0
2656	12997	17
2657	12997	0
2658	13014	17
2659	13014	0
2660	13032	18
2661	13032	0
2662	13049	17
2663	13049	0
2664	13067	18
2665	13067	0
2666	13084	17
2667	13084	0
2668	13101	17
2669	13101	0
2670	13119	18
2671	13119	0
2672	13136	17
2673	13136	0
2674	13154	18
2675	13154	0
2676	13171	17
2677	13171	0
2678	13188	17
2679	13188	0
2680	13206	18
2681	13206	0
2682	13224	18
2683	13224	0
2684	13241	17
2685	13241	0
2686	13259	18
2687	13259	0
2688	13276	17
2689	13276	0
2690	13294	18
2691	13294	0
2692	13312	18
2693	13312	0
2694	13329	17
2695	13329	0
2696	13347	18
2697	13347	0
2698	13364	17
2699	13364	0
2700	13382	18
2701	13382	0
2702	13400	18
2703	13400	0
2704	13418	18
2705	13418	0
2706	13435	17
2707	13435	0
2708	13453	18
2709	13453	0
2710	13471	18
2711	13471	0
2712	13488	17
2713	13488	0
2714	13506	18
2715	13506	0
2716	13524	18
2717	13524	0
2718	13541	17
2719	13541	0
2720	13559	18
2721	13559	0
2722	13577	18
2723	13577	0
2724	13595	18
2725	13595	0
2726	13613	18
2727	13613	0
2728	13630	17
2729	13630	0
2730	13648	18
2731	13648	0
2732	13666	18
2733	13666	0
2734	13684	18
2735	13684	0
2736	13702	18
2737	13702	0
2738	13719	17
2739	13719	0
2740	13737	18
2741	13737	0
2742	13755	18
2743	13755	0
2744	13773	18
2745	13773	0
2746	13791	18
2747	13791	0
2748	13809	18
2749	13809	0
2750	13827	18
2751	13827	0
2752	13845	18
2753	13845	0
2754	13863	18
2755	13863	0
2756	13881	18
2757	13881	0
2758	13898	17
2759	13898	0
2760	13917	19
2761	13917	0
2762	13935	18
2763	13935	0
2764	13953	18
2765	13953	0
2766	13971	18
2767	13971	0
2768	13989	18
2769	13989	0
2770	14007	18
2771	14007	0
2772	14025	18
2773	14025	0
2774	14043	18
2775	14043	0
2776	14061	18
2777	14061	0
2778	14079	18
2779	14079	0
2780	14098	19
2781	14098	0
2782	14116	18
2783	14116	0
2784	14134	18
2785	14134	0
2786	14152	18
2787	14152	0
2788	14170	18
2789	14170	0
2790	14189	19
2791	14189	0
2792	14207	18
2793	14207	0
2794	14225	18
2795	14225	0
2796	14243	18
2797	14243	0
2798	14261	18
2799	14261	0
2800	14280	19

【4. 完整评价等级阈值：Rank ID 1～298】
说明：阈值全部直接来自MDB。名称按已知客户端命名规律规范化为 G～US9、LG～LG24、LF～LF174；Rank ID与阈值是权威原始字段，名称算法应在客户端显示逻辑找到后再做最终代码级确认。
RankID	规范化名称	最低分	最高分	区间宽度
1	G	0	299	300
2	G+	300	599	300
3	F	600	899	300
4	F+	900	1299	400
5	E	1300	1799	500
6	E+	1800	2299	500
7	D	2300	2899	600
8	D+	2900	3499	600
9	C	3500	4899	1400
10	C+	4900	6499	1600
11	B	6500	8199	1700
12	B+	8200	9999	1800
13	A	10000	12099	2100
14	A+	12100	14499	2400
15	S	14500	15899	1400
16	S+	15900	17499	1600
17	SS	17500	19199	1700
18	SS+	19200	19599	400
19	UG	19600	19999	400
20	UG1	20000	20399	400
21	UG2	20400	20799	400
22	UG3	20800	21199	400
23	UG4	21200	21599	400
24	UG5	21600	22099	500
25	UG6	22100	22499	400
26	UG7	22500	22999	500
27	UG8	23000	23399	400
28	UG9	23400	23899	500
29	UF	23900	24299	400
30	UF1	24300	24799	500
31	UF2	24800	25299	500
32	UF3	25300	25799	500
33	UF4	25800	26299	500
34	UF5	26300	26799	500
35	UF6	26800	27299	500
36	UF7	27300	27799	500
37	UF8	27800	28299	500
38	UF9	28300	28799	500
39	UE	28800	29399	600
40	UE1	29400	29899	500
41	UE2	29900	30399	500
42	UE3	30400	30999	600
43	UE4	31000	31499	500
44	UE5	31500	32099	600
45	UE6	32100	32699	600
46	UE7	32700	33199	500
47	UE8	33200	33799	600
48	UE9	33800	34399	600
49	UD	34400	34999	600
50	UD1	35000	35599	600
51	UD2	35600	36199	600
52	UD3	36200	36799	600
53	UD4	36800	37499	700
54	UD5	37500	38099	600
55	UD6	38100	38699	600
56	UD7	38700	39399	700
57	UD8	39400	39999	600
58	UD9	40000	40699	700
59	UC	40700	41299	600
60	UC1	41300	41999	700
61	UC2	42000	42699	700
62	UC3	42700	43399	700
63	UC4	43400	43999	600
64	UC5	44000	44699	700
65	UC6	44700	45399	700
66	UC7	45400	46199	800
67	UC8	46200	46899	700
68	UC9	46900	47599	700
69	UB	47600	48299	700
70	UB1	48300	48999	700
71	UB2	49000	49799	800
72	UB3	49800	50499	700
73	UB4	50500	51299	800
74	UB5	51300	51999	700
75	UB6	52000	52799	800
76	UB7	52800	53599	800
77	UB8	53600	54399	800
78	UB9	54400	55199	800
79	UA	55200	55899	700
80	UA1	55900	56699	800
81	UA2	56700	57499	800
82	UA3	57500	58399	900
83	UA4	58400	59199	800
84	UA5	59200	59999	800
85	UA6	60000	60799	800
86	UA7	60800	61699	900
87	UA8	61700	62499	800
88	UA9	62500	63399	900
89	US	63400	64199	800
90	US1	64200	65099	900
91	US2	65100	66399	1300
92	US3	66400	67699	1300
93	US4	67700	68999	1300
94	US5	69000	70299	1300
95	US6	70300	71599	1300
96	US7	71600	72899	1300
97	US8	72900	74399	1500
98	US9	74400	75999	1600
99	LG	76000	76599	600
100	LG1	76600	77199	600
101	LG2	77200	77799	600
102	LG3	77800	78499	700
103	LG4	78500	79099	600
104	LG5	79100	79699	600
105	LG6	79700	80399	700
106	LG7	80400	80999	600
107	LG8	81000	81699	700
108	LG9	81700	82299	600
109	LG10	82300	82999	700
110	LG11	83000	83599	600
111	LG12	83600	84299	700
112	LG13	84300	84899	600
113	LG14	84900	85599	700
114	LG15	85600	86199	600
115	LG16	86200	86699	500
116	LG17	86700	87299	600
117	LG18	87300	87899	600
118	LG19	87900	88499	600
119	LG20	88500	89099	600
120	LG21	89100	89699	600
121	LG22	89700	90299	600
122	LG23	90300	90899	600
123	LG24	90900	91399	500
124	LF	91400	91999	600
125	LF1	92000	92599	600
126	LF2	92600	93199	600
127	LF3	93200	93799	600
128	LF4	93800	94399	600
129	LF5	94400	94999	600
130	LF6	95000	95599	600
131	LF7	95600	96299	700
132	LF8	96300	96899	600
133	LF9	96900	97499	600
134	LF10	97500	97999	500
135	LF11	98000	98499	500
136	LF12	98500	98999	500
137	LF13	99000	99599	600
138	LF14	99600	100099	500
139	LF15	100100	100599	500
140	LF16	100600	101099	500
141	LF17	101100	101699	600
142	LF18	101700	102199	500
143	LF19	102200	102699	500
144	LF20	102700	103199	500
145	LF21	103200	103799	600
146	LF22	103800	104299	500
147	LF23	104300	104799	500
148	LF24	104800	105399	600
149	LF25	105400	105899	500
150	LF26	105900	106399	500
151	LF27	106400	106899	500
152	LF28	106900	107499	600
153	LF29	107500	107999	500
154	LF30	108000	108499	500
155	LF31	108500	109099	600
156	LF32	109100	109599	500
157	LF33	109600	110099	500
158	LF34	110100	110699	600
159	LF35	110700	111199	500
160	LF36	111200	111799	600
161	LF37	111800	112299	500
162	LF38	112300	112799	500
163	LF39	112800	113399	600
164	LF40	113400	113899	500
165	LF41	113900	114399	500
166	LF42	114400	114999	600
167	LF43	115000	115499	500
168	LF44	115500	116099	600
169	LF45	116100	116599	500
170	LF46	116600	117099	500
171	LF47	117100	117699	600
172	LF48	117700	118199	500
173	LF49	118200	118799	600
174	LF50	118800	119299	500
175	LF51	119300	119899	600
176	LF52	119900	120399	500
177	LF53	120400	120999	600
178	LF54	121000	121499	500
179	LF55	121500	121999	500
180	LF56	122000	122599	600
181	LF57	122600	123099	500
182	LF58	123100	123699	600
183	LF59	123700	124199	500
184	LF60	124200	124799	600
185	LF61	124800	125299	500
186	LF62	125300	125899	600
187	LF63	125900	126399	500
188	LF64	126400	126999	600
189	LF65	127000	127499	500
190	LF66	127500	128099	600
191	LF67	128100	128699	600
192	LF68	128700	129199	500
193	LF69	129200	129799	600
194	LF70	129800	130299	500
195	LF71	130300	130899	600
196	LF72	130900	131399	500
197	LF73	131400	131999	600
198	LF74	132000	132499	500
199	LF75	132500	133099	600
200	LF76	133100	133699	600
201	LF77	133700	134199	500
202	LF78	134200	134799	600
203	LF79	134800	135299	500
204	LF80	135300	135899	600
205	LF81	135900	136499	600
206	LF82	136500	136999	500
207	LF83	137000	137599	600
208	LF84	137600	138099	500
209	LF85	138100	138699	600
210	LF86	138700	139299	600
211	LF87	139300	139799	500
212	LF88	139800	140399	600
213	LF89	140400	140999	600
214	LF90	141000	141499	500
215	LF91	141500	142099	600
216	LF92	142100	142699	600
217	LF93	142700	143199	500
218	LF94	143200	143799	600
219	LF95	143800	144399	600
220	LF96	144400	144899	500
221	LF97	144900	145499	600
222	LF98	145500	146099	600
223	LF99	146100	146599	500
224	LF100	146600	147199	600
225	LF101	147200	147799	600
226	LF102	147800	148399	600
227	LF103	148400	148899	500
228	LF104	148900	149499	600
229	LF105	149500	150099	600
230	LF106	150100	150699	600
231	LF107	150700	151199	500
232	LF108	151200	151799	600
233	LF109	151800	152399	600
234	LF110	152400	152999	600
235	LF111	153000	153499	500
236	LF112	153500	154099	600
237	LF113	154100	154699	600
238	LF114	154700	155299	600
239	LF115	155300	155899	600
240	LF116	155900	156399	500
241	LF117	156400	156999	600
242	LF118	157000	157599	600
243	LF119	157600	158199	600
244	LF120	158200	158799	600
245	LF121	158800	159299	500
246	LF122	159300	159899	600
247	LF123	159900	160499	600
248	LF124	160500	161099	600
249	LF125	161100	161699	600
250	LF126	161700	162299	600
251	LF127	162300	162899	600
252	LF128	162900	163399	500
253	LF129	163400	163999	600
254	LF130	164000	164599	600
255	LF131	164600	165199	600
256	LF132	165200	165799	600
257	LF133	165800	166399	600
258	LF134	166400	166999	600
259	LF135	167000	167599	600
260	LF136	167600	168199	600
261	LF137	168200	168699	500
262	LF138	168700	169299	600
263	LF139	169300	169899	600
264	LF140	169900	170499	600
265	LF141	170500	171099	600
266	LF142	171100	171699	600
267	LF143	171700	172299	600
268	LF144	172300	172899	600
269	LF145	172900	173499	600
270	LF146	173500	174099	600
271	LF147	174100	174699	600
272	LF148	174700	175299	600
273	LF149	175300	175899	600
274	LF150	175900	176499	600
275	LF151	176500	177099	600
276	LF152	177100	177699	600
277	LF153	177700	178299	600
278	LF154	178300	178899	600
279	LF155	178900	179499	600
280	LF156	179500	180099	600
281	LF157	180100	180699	600
282	LF158	180700	181299	600
283	LF159	181300	181899	600
284	LF160	181900	182499	600
285	LF161	182500	183099	600
286	LF162	183100	183699	600
287	LF163	183700	184299	600
288	LF164	184300	184899	600
289	LF165	184900	185499	600
290	LF166	185500	186199	700
291	LF167	186200	186799	600
292	LF168	186800	187399	600
293	LF169	187400	187999	600
294	LF170	188000	188599	600
295	LF171	188600	189199	600
296	LF172	189200	189799	600
297	LF173	189800	190399	600
298	LF174	190400	999999	809600

【5. 带技能Pt价格的完整技能表：1129项】
字段说明：grade_value=技能基础评价分；need_skill_point=无Hint时数据库原价；group_id/group_rate用于同组上下位或正负档位识别。
技能ID	技能名	稀有度	组ID	组档位	基础评价分	原价技能Pt	技能类别	通用技能	状态类型	状态值	可解锁类型
200011	右回り◎	1	20001	2	174	110	0	1	0	0	0
200012	右回り○	1	20001	1	129	90	0	1	0	0	0
200013	右回り×	1	20001	-1	-129	50	0	1	0	0	0
200014	右回りの鬼	2	20001	3	461	130	0	1	0	0	0
200021	左回り◎	1	20002	2	174	110	0	1	0	0	0
200022	左回り○	1	20002	1	129	90	0	1	0	0	0
200023	左回り×	1	20002	-1	-129	50	0	1	0	0	0
200024	左回りの鬼	2	20002	3	461	130	0	1	0	0	0
200031	東京レース場◎	1	20003	2	174	110	0	1	0	0	0
200032	東京レース場○	1	20003	1	129	90	0	1	0	0	0
200033	東京レース場×	1	20003	-1	-129	50	0	1	0	0	0
200034	府中の申し子	2	20003	3	461	130	0	1	0	0	0
200041	中山レース場◎	1	20004	2	174	110	0	1	0	0	0
200042	中山レース場○	1	20004	1	129	90	0	1	0	0	0
200043	中山レース場×	1	20004	-1	-129	50	0	1	0	0	0
200051	阪神レース場◎	1	20005	2	174	110	0	1	0	0	0
200052	阪神レース場○	1	20005	1	129	90	0	1	0	0	0
200053	阪神レース場×	1	20005	-1	-129	50	0	1	0	0	0
200061	京都レース場◎	1	20006	2	174	110	0	1	0	0	0
200062	京都レース場○	1	20006	1	129	90	0	1	0	0	0
200063	京都レース場×	1	20006	-1	-129	50	0	1	0	0	0
200064	淀の申し子	2	20006	3	461	130	0	1	0	0	0
200071	中京レース場◎	1	20007	2	174	110	0	1	0	0	0
200072	中京レース場○	1	20007	1	129	90	0	1	0	0	0
200073	中京レース場×	1	20007	-1	-129	50	0	1	0	0	0
200081	札幌レース場◎	1	20008	2	174	90	0	1	0	0	0
200082	札幌レース場○	1	20008	1	129	70	0	1	0	0	0
200083	札幌レース場×	1	20008	-1	-129	40	0	1	0	0	0
200091	函館レース場◎	1	20009	2	174	90	0	1	0	0	0
200092	函館レース場○	1	20009	1	129	70	0	1	0	0	0
200093	函館レース場×	1	20009	-1	-129	40	0	1	0	0	0
200101	福島レース場◎	1	20010	2	174	90	0	1	0	0	0
200102	福島レース場○	1	20010	1	129	70	0	1	0	0	0
200103	福島レース場×	1	20010	-1	-129	40	0	1	0	0	0
200111	新潟レース場◎	1	20011	2	174	90	0	1	0	0	0
200112	新潟レース場○	1	20011	1	129	70	0	1	0	0	0
200113	新潟レース場×	1	20011	-1	-129	40	0	1	0	0	0
200121	小倉レース場◎	1	20012	2	174	90	0	1	0	0	0
200122	小倉レース場○	1	20012	1	129	70	0	1	0	0	0
200123	小倉レース場×	1	20012	-1	-129	40	0	1	0	0	0
200131	根幹距離◎	1	20013	2	174	110	0	1	0	0	0
200132	根幹距離○	1	20013	1	129	90	0	1	0	0	0
200133	根幹距離×	1	20013	-1	-129	50	0	1	0	0	0
200141	非根幹距離◎	1	20014	2	174	110	0	1	0	0	0
200142	非根幹距離○	1	20014	1	129	90	0	1	0	0	0
200143	非根幹距離×	1	20014	-1	-129	50	0	1	0	0	0
200151	良バ場◎	1	20015	2	174	110	0	1	0	0	0
200152	良バ場○	1	20015	1	129	90	0	1	0	0	0
200153	良バ場×	1	20015	-1	-129	50	0	1	0	0	0
200154	良バ場の鬼	2	20015	3	461	130	0	1	0	0	0
200161	道悪◎	1	20016	2	174	110	0	1	0	0	0
200162	道悪○	1	20016	1	129	90	0	1	0	0	0
200163	道悪×	1	20016	-1	-129	50	0	1	0	0	0
200164	道悪の鬼	2	20016	3	461	130	0	1	0	0	0
200171	春ウマ娘◎	1	20017	2	174	110	0	1	0	0	0
200172	春ウマ娘○	1	20017	1	129	90	0	1	0	0	0
200173	春ウマ娘×	1	20017	-1	-129	50	0	1	0	0	0
200174	春一番	2	20017	3	461	130	0	1	0	0	0
200181	夏ウマ娘◎	1	20018	2	174	110	0	1	0	0	0
200182	夏ウマ娘○	1	20018	1	129	90	0	1	0	0	0
200183	夏ウマ娘×	1	20018	-1	-129	50	0	1	0	0	0
200184	青嵐	2	20018	3	461	130	0	1	0	0	0
200191	秋ウマ娘◎	1	20019	2	174	110	0	1	0	0	0
200192	秋ウマ娘○	1	20019	1	129	90	0	1	0	0	0
200193	秋ウマ娘×	1	20019	-1	-129	50	0	1	0	0	0
200194	初嵐	2	20019	3	461	130	0	1	0	0	0
200201	冬ウマ娘◎	1	20020	2	174	110	0	1	0	0	0
200202	冬ウマ娘○	1	20020	1	129	90	0	1	0	0	0
200203	冬ウマ娘×	1	20020	-1	-129	50	0	1	0	0	0
200204	凍て風	2	20020	3	461	130	0	1	0	0	0
200211	晴れの日◎	1	20021	2	174	110	0	1	0	0	0
200212	晴れの日○	1	20021	1	129	90	0	1	0	0	0
200221	曇りの日◎	1	20022	2	174	110	0	1	0	0	0
200222	曇りの日○	1	20022	1	129	90	0	1	0	0	0
200231	雨の日◎	1	20023	2	174	110	0	1	0	0	0
200232	雨の日○	1	20023	1	129	90	0	1	0	0	0
200233	雨の日×	1	20023	-1	-129	50	0	1	0	0	0
200241	雪の日◎	1	20024	2	174	110	0	1	0	0	0
200242	雪の日○	1	20024	1	129	90	0	1	0	0	0
200251	内枠得意◎	1	20025	2	174	110	0	1	0	0	0
200252	内枠得意○	1	20025	1	129	90	0	1	0	0	0
200253	内枠苦手	1	20025	-1	-129	50	0	1	0	0	0
200261	外枠得意◎	1	20026	2	174	110	0	1	0	0	0
200262	外枠得意○	1	20026	1	129	90	0	1	0	0	0
200263	外枠苦手	1	20026	-1	-129	50	0	1	0	0	0
200271	おひとり様◎	1	20027	2	174	110	0	1	0	0	0
200272	おひとり様○	1	20027	1	129	90	0	1	0	0	0
200281	対抗意識◎	1	20028	2	174	110	0	1	0	0	0
200282	対抗意識○	1	20028	1	129	90	0	1	0	0	0
200283	引っ込み思案	1	20028	-1	-129	50	0	1	0	0	0
200291	徹底マーク◎	1	20029	2	174	110	0	1	0	0	0
200292	徹底マーク○	1	20029	1	129	90	0	1	0	0	0
200301	伏兵◎	1	20030	2	174	110	0	1	0	0	0
200302	伏兵○	1	20030	1	129	90	0	1	0	0	0
200311	GⅠ苦手	1	20031	-1	-129	50	0	1	0	0	0
200321	小心者	1	20032	-1	-129	50	0	1	0	0	0
200331	弧線のプロフェッサー	2	20033	2	508	180	4	1	0	0	0
200332	コーナー巧者○	1	20033	1	217	180	4	1	0	0	0
200333	コーナー巧者×	1	20033	-1	-262	100	4	1	0	0	0
200341	曲線のソムリエ	2	20034	2	508	180	4	1	0	0	0
200342	コーナー加速○	1	20034	1	217	180	4	1	0	0	0
200343	コーナー加速×	1	20034	-1	-262	100	4	1	0	0	0
200351	円弧のマエストロ	2	20035	2	508	170	2	1	0	0	0
200352	コーナー回復○	1	20035	1	217	170	2	1	0	0	0
200353	コーナー回復×	1	20035	-1	-262	100	2	1	0	0	0
200361	ハヤテ一文字	2	20036	2	508	170	4	1	0	0	0
200362	直線巧者	1	20036	1	217	170	4	1	0	0	0
200371	一陣の風	2	20037	2	508	170	4	1	0	0	0
200372	直線加速	1	20037	1	217	170	4	1	0	0	0
200381	好転一息	2	20038	2	508	170	2	1	0	0	0
200382	直線回復	1	20038	1	217	170	2	1	0	0	0
200391	坂苦手	1	20039	-1	-262	100	4	1	0	0	0
200401	バ群嫌い	1	20040	-1	-262	100	4	1	0	0	0
200411	あきらめ癖	1	20041	-1	-262	100	3	1	0	0	0
200421	手抜き癖	1	20042	-1	-262	100	3	1	0	0	0
200431	コンセントレーション	2	20043	2	394	140	1	1	0	0	0
200432	集中力	1	20043	1	129	140	1	1	0	0	0
200433	ゲート難	1	20043	-1	-174	70	1	1	0	0	0
200441	鋼の意志	2	20044	2	508	160	4	1	0	0	0
200442	隠れ蓑	1	20044	1	217	160	4	1	0	0	0
200451	注目の踊り子	2	20045	2	334	120	1	1	0	0	0
200452	ポジションセンス	1	20045	1	129	120	1	1	0	0	0
200461	アガッてきた！	2	20046	2	508	170	2	1	0	0	0
200462	ペースアップ	1	20046	1	217	170	2	1	0	0	0
200471	不屈の心	2	20047	2	508	170	2	1	0	0	0
200472	ペースキープ	1	20047	1	217	170	2	1	0	0	0
200481	どこ吹く風	2	20048	2	508	170	2	1	0	0	0
200482	ウマ込み冷静	1	20048	1	217	170	2	1	0	0	0
200491	ノンストップガール	2	20049	2	394	150	3	1	0	0	0
200492	垂れウマ回避	1	20049	1	174	150	3	1	0	0	0
200501	レーンの魔術師	2	20050	2	334	120	3	1	0	0	0
200502	臨機応変	1	20050	1	129	120	3	1	0	0	0
200511	全身全霊	2	20051	2	508	170	3	1	0	0	0
200512	末脚	1	20051	1	217	170	3	1	0	0	0
200521	空回り	1	20052	-1	-262	100	4	1	0	0	0
200531	先手必勝	2	20053	2	334	120	1	1	0	0	0
200532	先駆け	1	20053	1	217	120	1	1	0	0	0
200541	脱出術	2	20054	2	508	180	2	1	0	0	0
200542	急ぎ足	1	20054	1	217	180	2	1	0	0	0
200551	逃亡者	2	20055	2	508	180	3	1	0	0	0
200552	押し切り準備	1	20055	1	217	180	3	1	0	0	0
200561	余裕綽々	2	20056	2	508	180	1	1	0	0	0
200562	スタミナキープ	1	20056	1	217	180	1	1	0	0	0
200571	レースプランナー	2	20057	2	508	180	2	1	0	0	0
200572	好位追走	1	20057	1	217	180	2	1	0	0	0
200581	スピードスター	2	20058	2	508	180	3	1	0	0	0
200582	抜け出し準備	1	20058	1	217	180	3	1	0	0	0
200591	迅速果断	2	20059	2	508	180	2	1	0	0	0
200592	位置取り押し上げ	1	20059	1	217	180	2	1	0	0	0
200601	乗り換え上手	2	20060	2	508	180	3	1	0	0	0
200602	差し切り体勢	1	20060	1	217	180	3	1	0	0	0
200611	昇り龍	2	20061	2	508	180	3	1	0	0	0
200612	外差し準備	1	20061	1	217	180	3	1	0	0	0
200621	眠れる獅子	2	20062	2	508	180	2	1	0	0	0
200622	後方待機	1	20062	1	217	180	2	1	0	0	0
200631	疾風怒濤	2	20063	2	508	180	3	1	0	0	0
200632	仕掛け抜群	1	20063	1	217	180	3	1	0	0	0
200641	迫る影	2	20064	2	508	180	3	1	0	0	0
200642	直線一気	1	20064	1	217	180	3	1	0	0	0
200651	スプリントターボ	2	20065	2	508	160	3	1	0	0	0
200652	スプリントギア	1	20065	1	217	160	3	1	0	0	0
200662	様子見	1	20066	1	217	160	2	1	0	0	0
200671	電撃の煌めき	2	20067	2	508	160	3	1	0	0	0
200672	詰め寄り	1	20067	1	217	160	3	1	0	0	0
200681	マイルの支配者	2	20068	2	508	160	1	1	0	0	0
200682	積極策	1	20068	1	217	160	1	1	0	0	0
200691	慧眼	2	20069	2	508	160	1	1	0	0	0
200692	展開窺い	1	20069	1	217	160	1	1	0	0	0
200701	豪脚	2	20070	2	508	160	3	1	0	0	0
200702	上昇気流	1	20070	1	217	160	3	1	0	0	0
200711	切り開く者	2	20071	2	508	160	2	1	0	0	0
200712	前途洋々	1	20071	1	217	160	2	1	0	0	0
200721	キラーチューン	2	20072	2	508	160	2	1	0	0	0
200722	テンポアップ	1	20072	1	217	160	2	1	0	0	0
200731	勝利への執念	2	20073	2	508	160	3	1	0	0	0
200732	食い下がり	1	20073	1	217	160	3	1	0	0	0
200741	クールダウン	2	20074	2	508	160	2	1	0	0	0
200742	深呼吸	1	20074	1	217	160	2	1	0	0	0
200751	内的体験	2	20075	2	508	160	3	1	0	0	0
200752	内弁慶	1	20075	1	217	160	3	1	0	0	0
200761	火事場のバ鹿力	2	20076	2	508	160	4	1	0	0	0
200762	別腹タンク	1	20076	1	217	160	4	1	0	0	0
200771	トリック（前）	1	20077	1	217	140	2	1	0	0	0
200772	見惚れるトリック	2	20077	2	508	140	2	1	0	0	0
200781	トリック（後）	1	20078	1	217	140	2	1	0	0	0
200791	逃げ駆け引き	1	20079	1	174	130	4	1	0	0	0
200801	先行駆け引き	1	20080	1	174	130	4	1	0	0	0
200811	差し駆け引き	1	20081	1	174	130	4	1	0	0	0
200821	追込駆け引き	1	20082	1	174	130	4	1	0	0	0
200831	逃げけん制	1	20083	1	217	130	1	1	0	0	0
200841	逃げ焦り	1	20084	1	217	130	2	1	0	0	0
200851	逃げためらい	1	20085	1	217	130	3	1	0	0	0
200861	先行けん制	1	20086	1	217	130	1	1	0	0	0
200871	先行焦り	1	20087	1	217	130	2	1	0	0	0
200881	先行ためらい	1	20088	1	217	130	3	1	0	0	0
200891	差しけん制	1	20089	1	217	130	1	1	0	0	0
200901	差し焦り	1	20090	1	217	130	2	1	0	0	0
200911	差しためらい	1	20091	1	217	130	3	1	0	0	0
200921	追込けん制	1	20092	1	217	130	1	1	0	0	0
200931	追込焦り	1	20093	1	217	130	2	1	0	0	0
200941	追込ためらい	1	20094	1	217	130	3	1	0	0	0
200951	大井レース場◎	1	20095	2	174	110	0	1	0	0	0
200952	大井レース場○	1	20095	1	129	90	0	1	0	0	0
200953	大井レース場×	1	20095	-1	-129	50	0	1	0	0	0
200961	短距離直線◎	1	20096	2	262	110	4	1	0	0	0
200962	短距離直線○	1	20096	1	217	100	4	1	0	0	0
200963	紫電一閃	2	20096	3	508	150	4	1	0	0	0
200971	短距離コーナー◎	1	20097	2	262	110	4	1	0	0	0
200972	短距離コーナー○	1	20097	1	217	100	4	1	0	0	0
200973	紫電円刃	2	20097	3	508	150	4	1	0	0	0
200981	圧倒的リード	2	20098	2	508	170	2	1	0	0	0
200982	大きなリード	1	20098	1	262	170	2	1	0	0	0
200991	プランX	2	20099	2	508	160	2	1	0	0	0
200992	善後策	1	20099	1	217	160	2	1	0	0	0
201001	準備万全！	2	20100	2	394	140	2	1	0	0	0
201002	仕掛け準備	1	20100	1	174	140	2	1	0	0	0
201011	悩殺術	2	20101	2	508	170	1	1	0	0	0
201012	後方釘付	1	20101	1	262	170	1	1	0	0	0
201021	逃亡禁止令	2	20102	2	508	170	1	1	0	0	0
201022	抜け駆け禁止	1	20102	1	262	170	1	1	0	0	0
201031	マイル直線◎	1	20103	2	262	110	4	1	0	0	0
201032	マイル直線○	1	20103	1	217	100	4	1	0	0	0
201033	豪風一閃	2	20103	3	508	150	4	1	0	0	0
201041	マイルコーナー◎	1	20104	2	262	110	4	1	0	0	0
201042	マイルコーナー○	1	20104	1	217	100	4	1	0	0	0
201043	豪風円刃	2	20104	3	508	150	4	1	0	0	0
201051	ギアチェンジ	2	20105	2	508	160	2	1	0	0	0
201052	ギアシフト	1	20105	1	217	160	2	1	0	0	0
201061	アクセル全開！	2	20106	2	508	160	4	1	0	0	0
201062	アクセラレーション	1	20106	1	217	160	4	1	0	0	0
201071	姉御肌	2	20107	2	334	120	4	1	0	0	0
201072	負けん気	1	20107	1	217	120	4	1	0	0	0
201081	スピードグリード	2	20108	2	461	160	2	1	0	0	0
201082	スピードイーター	1	20108	1	217	160	2	1	0	0	0
201091	布陣	2	20109	2	508	160	1	1	0	0	0
201092	布石	1	20109	1	217	160	1	1	0	0	0
201101	中距離直線◎	1	20110	2	262	110	4	1	0	0	0
201102	中距離直線○	1	20110	1	217	100	4	1	0	0	0
201103	光芒一閃	2	20110	3	508	150	4	1	0	0	0
201111	中距離コーナー◎	1	20111	2	262	110	4	1	0	0	0
201112	中距離コーナー○	1	20111	1	217	100	4	1	0	0	0
201113	光芒円刃	2	20111	3	508	150	4	1	0	0	0
201121	千里眼	2	20112	2	334	110	1	1	0	0	0
201122	ホークアイ	1	20112	1	129	110	1	1	0	0	0
201131	ライトニングステップ	2	20113	2	394	140	2	1	0	0	0
201132	イナズマステップ	1	20113	1	174	140	2	1	0	0	0
201141	神業ステップ	2	20114	2	508	160	4	1	0	0	0
201142	軽やかステップ	1	20114	1	217	160	4	1	0	0	0
201151	独占力	2	20115	2	508	160	3	1	0	0	0
201152	束縛	1	20115	1	217	160	3	1	0	0	0
201161	魅惑のささやき	2	20116	2	508	160	2	1	0	0	0
201162	ささやき	1	20116	1	217	160	2	1	0	0	0
201171	長距離直線◎	1	20117	2	262	110	4	1	0	0	0
201172	長距離直線○	1	20117	1	217	100	4	1	0	0	0
201173	烈風一閃	2	20117	3	508	150	4	1	0	0	0
201181	長距離コーナー◎	1	20118	2	262	110	4	1	0	0	0
201182	長距離コーナー○	1	20118	1	217	100	4	1	0	0	0
201183	烈風円刃	2	20118	3	508	150	4	1	0	0	0
201191	先陣の心得	2	20119	2	508	160	2	1	0	0	0
201192	リードキープ	1	20119	1	217	160	2	1	0	0	0
201201	VIP顔パス	2	20120	2	508	160	4	1	0	0	0
201202	パス上手	1	20120	1	217	160	4	1	0	0	0
201211	怒涛の追い上げ	2	20121	2	508	160	3	1	0	0	0
201212	追い上げ	1	20121	1	217	160	3	1	0	0	0
201221	スタミナグリード	2	20122	2	461	160	2	1	0	0	0
201222	スタミナイーター	1	20122	1	217	160	2	1	0	0	0
201231	奇術師	2	20123	2	334	110	3	1	0	0	0
201232	目くらまし	1	20123	1	129	110	3	1	0	0	0
201241	逃げ直線◎	1	20124	2	262	140	4	1	0	0	0
201242	逃げ直線○	1	20124	1	217	130	4	1	0	0	0
201243	陣風一閃	2	20124	3	508	150	4	1	0	0	0
201251	逃げコーナー◎	1	20125	2	262	140	4	1	0	0	0
201252	逃げコーナー○	1	20125	1	217	130	4	1	0	0	0
201253	陣風円刃	2	20125	3	508	150	4	1	0	0	0
201261	シックスセンス	2	20126	2	334	110	1	1	0	0	0
201262	危険回避	1	20126	1	129	110	1	1	0	0	0
201271	トップランナー	2	20127	2	508	180	4	1	0	0	0
201272	先頭プライド	1	20127	1	217	180	4	1	0	0	0
201281	じゃじゃウマ娘	2	20128	2	508	180	4	1	0	0	0
201282	勢い任せ	1	20128	1	217	180	4	1	0	0	0
201291	再燃焼	2	20129	2	508	180	3	1	0	0	0
201292	二の矢	1	20129	1	217	180	3	1	0	0	0
201302	リスタート	1	20130	1	217	130	1	1	0	0	0
201311	先行直線◎	1	20131	2	262	140	4	1	0	0	0
201312	先行直線○	1	20131	1	217	130	4	1	0	0	0
201313	勇迅一閃	2	20131	3	508	150	4	1	0	0	0
201321	先行コーナー◎	1	20132	2	262	140	4	1	0	0	0
201322	先行コーナー○	1	20132	1	217	130	4	1	0	0	0
201323	勇迅円刃	2	20132	3	508	150	4	1	0	0	0
201331	技巧派	2	20133	2	334	120	4	1	0	0	0
201332	巧みなステップ	1	20133	1	217	120	4	1	0	0	0
201341	決意の直滑降	2	20134	2	334	120	4	1	0	0	0
201342	直滑降	1	20134	1	217	120	4	1	0	0	0
201351	食いしん坊	2	20135	2	508	180	2	1	0	0	0
201352	栄養補給	1	20135	1	217	180	2	1	0	0	0
201361	くじけぬ精神	2	20136	2	334	120	2	1	0	0	0
201362	まき直し	1	20136	1	217	120	2	1	0	0	0
201371	幻惑のかく乱	2	20137	2	334	110	3	1	0	0	0
201372	かく乱	1	20137	1	85	110	3	1	0	0	0
201381	差し直線◎	1	20138	2	262	140	4	1	0	0	0
201382	差し直線○	1	20138	1	217	130	4	1	0	0	0
201383	鋭脚一閃	2	20138	3	508	150	4	1	0	0	0
201391	差しコーナー◎	1	20139	2	262	140	4	1	0	0	0
201392	差しコーナー○	1	20139	1	217	130	4	1	0	0	0
201393	鋭脚円刃	2	20139	3	508	150	4	1	0	0	0
201401	努力家	2	20140	2	334	120	4	1	0	0	0
201402	がんばり屋	1	20140	1	217	120	4	1	0	0	0
201411	百万バリキ	2	20141	2	334	120	4	1	0	0	0
201412	十万バリキ	1	20141	1	217	120	4	1	0	0	0
201421	リラックス	2	20142	2	508	180	2	1	0	0	0
201422	小休憩	1	20142	1	217	180	2	1	0	0	0
201431	大局観	2	20143	2	334	120	2	1	0	0	0
201432	読解力	1	20143	1	85	120	2	1	0	0	0
201441	八方にらみ	2	20144	2	508	180	3	1	0	0	0
201442	鋭い眼光	1	20144	1	217	180	3	1	0	0	0
201451	追込直線◎	1	20145	2	262	140	4	1	0	0	0
201452	追込直線○	1	20145	1	217	130	4	1	0	0	0
201453	月影一閃	2	20145	3	508	150	4	1	0	0	0
201461	追込コーナー◎	1	20146	2	262	140	4	1	0	0	0
201462	追込コーナー○	1	20146	1	217	130	4	1	0	0	0
201463	月影円刃	2	20146	3	508	150	4	1	0	0	0
201471	視界良好！異常なし！	2	20147	2	334	110	4	1	0	0	0
201472	お見通し	1	20147	1	85	110	4	1	0	0	0
201481	下校後のスペシャリスト	2	20148	2	508	170	4	1	0	0	0
201482	下校の楽しみ	1	20148	1	217	170	4	1	0	0	0
201491	冷静沈着	2	20149	2	508	180	4	1	0	0	0
201492	冷静	1	20149	1	217	180	4	1	0	0	0
201501	天命士	2	20150	2	334	110	3	1	0	0	0
201502	策士	1	20150	1	85	110	3	1	0	0	0
201511	熱いまなざし	2	20151	2	508	180	3	1	0	0	0
201512	まなざし	1	20151	1	217	180	3	1	0	0	0
201521	逃げのコツ◎	1	20152	2	217	130	0	1	0	0	0
201522	逃げのコツ○	1	20152	1	174	110	0	1	0	0	0
201531	先行のコツ◎	1	20153	2	217	130	0	1	0	0	0
201532	先行のコツ○	1	20153	1	174	110	0	1	0	0	0
201541	差しのコツ◎	1	20154	2	217	130	0	1	0	0	0
201542	差しのコツ○	1	20154	1	174	110	0	1	0	0	0
201551	追込のコツ◎	1	20155	2	217	130	0	1	0	0	0
201552	追込のコツ○	1	20155	1	174	110	0	1	0	0	0
201561	スーパーラッキーセブン	2	20156	2	334	110	0	1	0	0	0
201562	ラッキーセブン	1	20156	1	174	110	0	1	0	0	0
201571	スリーセブン	1	20157	1	217	160	4	1	0	0	0
201581	登山家	1	20158	1	217	160	4	1	0	0	0
201582	究極のヒルクライマー	2	20158	2	508	160	4	1	0	0	0
201591	ウマ好み	1	20159	1	217	160	4	1	0	0	0
201592	ウママニア	2	20159	2	508	160	4	1	0	0	0
201601	地固め	1	20160	1	217	100	1	1	0	0	0
201602	盤石の構え	2	20160	2	508	180	1	1	0	0	0
201611	尻尾上がり	1	20161	1	217	100	2	1	0	0	0
201612	尻尾の滝登り	2	20161	2	508	180	2	1	0	0	0
201621	ふり絞り	1	20162	1	217	100	3	1	0	0	0
201631	シンパシー	1	20163	1	129	70	0	1	0	0	0
201632	コネクト	2	20163	2	334	150	0	1	0	0	0
201641	一匹狼	1	20164	1	129	70	0	1	0	0	0
201651	スリップストリーム	1	20165	1	217	160	4	1	0	0	0
201652	いいとこ入った！	2	20165	2	508	160	4	1	0	0	0
201661	遊びはおしまいっ！	1	20166	1	217	160	4	1	0	0	0
201662	お先に失礼っ！	2	20166	2	508	160	4	1	0	0	0
201671	チャート急上昇！	2	20167	2	508	180	2	1	0	0	0
201672	レコメンド	1	20167	1	217	180	2	1	0	0	0
201681	狙うは最前列！	2	20168	2	394	140	3	1	0	0	0
201682	前列狙い	1	20168	1	174	140	3	1	0	0	0
201691	潜伏態勢	2	20169	2	508	180	1	1	0	0	0
201692	静かな呼吸	1	20169	1	217	180	1	1	0	0	0
201701	決死の覚悟	2	20170	2	508	160	3	1	0	0	0
201702	ありったけ	1	20170	1	217	160	3	1	0	0	0
201801	凸凹ネイル	1	20180	-1	-129	50	0	1	0	0	0
201901	鍔迫り合い	2	20190	2	508	180	3	1	0	0	0
201902	真っ向勝負	1	20190	1	217	180	3	1	0	0	0
202001	砂の玄人	2	20200	2	508	200	2	1	0	0	0
202002	砂塵慣れ	1	20200	1	217	180	2	1	0	0	0
202011	真打	2	20201	2	508	160	2	1	0	0	0
202012	影打	1	20201	1	217	160	2	1	0	0	0
202021	強攻策	2	20202	2	508	180	2	1	0	0	0
202022	早仕掛け	1	20202	1	217	180	2	1	0	0	0
202031	博打うち	2	20203	2	334	120	4	1	0	0	0
202032	あやしげな作戦	1	20203	1	129	120	4	1	0	0	0
202041	意気衝天	2	20204	2	508	160	2	1	0	0	0
202042	軽い足取り	1	20204	1	217	160	2	1	0	0	0
202051	大逃げ	2	20205	2	370	200	0	1	0	0	0
202061	日本一のウマ娘	2	20206	1	508	360	3	1	0	0	0
202071	泰然自若	2	20207	2	508	170	2	1	0	0	0
202072	マイペース	1	20207	1	217	170	2	1	0	0	0
202081	起死回生	2	20208	2	508	160	3	1	0	0	0
202082	ワンチャンス	1	20208	1	217	160	3	1	0	0	0
202091	気炎万丈	2	20209	2	508	160	2	1	0	0	0
202092	闘争心	1	20209	1	217	160	2	1	0	0	0
202101	高揚感	2	20210	2	508	160	2	1	0	0	0
202102	前のめり	1	20210	1	217	160	2	1	0	0	0
202111	破竹の勢い	2	20211	2	508	160	3	1	0	0	0
202112	気合十分	1	20211	1	217	160	3	1	0	0	0
202121	大胆不敵	2	20212	2	508	180	4	1	0	0	0
202122	恐れぬ心	1	20212	1	217	180	4	1	0	0	0
202131	荒ぶる旋風	2	20213	2	508	160	2	1	0	0	0
202132	気迫を込めて	1	20213	1	217	160	2	1	0	0	0
202141	アタシに指図しないで！！	1	20214	-1	-174	0	0	1	0	0	1
202151	勇往邁進	2	20215	2	508	160	2	1	0	0	0
202152	フルスロットル	1	20215	1	217	160	2	1	0	0	0
202161	自制心	1	20216	1	217	160	0	1	0	0	0
202171	至高のダウンヒラー	2	20217	2	508	170	4	1	0	0	0
202172	下り坂巧者	1	20217	1	217	170	4	1	0	0	0
202181	99 Problems	1	20218	-1	-174	0	0	1	0	0	1
202191	一意専心	2	20219	2	508	170	2	1	0	0	0
202192	抜かりなし	1	20219	1	217	170	2	1	0	0	0
202201	川崎レース場◎	1	20220	2	174	90	0	1	0	0	0
202202	川崎レース場○	1	20220	1	129	70	0	1	0	0	0
202203	川崎レース場×	1	20220	-1	-129	40	0	1	0	0	0
202211	船橋レース場◎	1	20221	2	174	90	0	1	0	0	0
202212	船橋レース場○	1	20221	1	129	70	0	1	0	0	0
202213	船橋レース場×	1	20221	-1	-129	40	0	1	0	0	0
202221	盛岡レース場◎	1	20222	2	174	90	0	1	0	0	0
202222	盛岡レース場○	1	20222	1	129	70	0	1	0	0	0
202223	盛岡レース場×	1	20222	-1	-129	40	0	1	0	0	0
202231	ナイター◎	1	20223	2	174	90	0	1	0	0	0
202232	ナイター○	1	20223	1	129	70	0	1	0	0	0
202233	ナイター×	1	20223	-1	-129	40	0	1	0	0	0
202241	小回り◎	1	20224	2	174	90	0	1	0	0	0
202242	小回り○	1	20224	1	129	70	0	1	0	0	0
202243	小回り×	1	20224	-1	-129	40	0	1	0	0	0
202251	交流重賞◎	1	20225	2	174	90	0	1	0	0	0
202252	交流重賞○	1	20225	1	129	70	0	1	0	0	0
202253	交流重賞×	1	20225	-1	-129	40	0	1	0	0	0
202254	交流重賞の鬼	2	20225	3	461	130	0	1	0	0	0
202261	勝利の機運	2	20226	2	508	180	2	1	0	0	0
202262	明るい兆し	1	20226	1	217	180	2	1	0	0	0
202271	捲土重来	2	20227	2	508	180	2	1	0	0	0
202272	盛り返し	1	20227	1	217	180	2	1	0	0	0
202281	全速前進！	2	20228	2	508	180	3	1	0	0	0
202282	まっしぐら	1	20228	1	217	180	3	1	0	0	0
202291	明鏡止水	2	20229	2	508	150	2	1	0	0	0
202292	冴える思考	1	20229	1	217	150	2	1	0	0	0
202301	優雅な砂浴び	2	20230	2	508	160	4	1	0	0	0
202302	砂浴び○	1	20230	1	217	160	4	1	0	0	0
202303	砂浴び×	1	20230	-1	-262	100	4	1	0	0	0
202311	目指せセンター！	2	20231	2	508	180	3	1	0	0	0
202312	意気込み十分	1	20231	1	217	180	3	1	0	0	0
202321	爆走モード！	2	20232	2	508	180	3	1	0	0	0
202322	急浮上	1	20232	1	217	180	3	1	0	0	0
202331	抜群の踏み込み	2	20233	2	461	120	0	1	0	0	0
202332	踏み込み上手	1	20233	1	174	120	0	1	0	0	0
202341	泥んこマイスター	2	20234	3	461	130	0	1	0	0	0
202342	泥遊び◎	1	20234	2	174	110	0	1	0	0	0
202343	泥遊び○	1	20234	1	129	90	0	1	0	0	0
202344	泥遊び×	1	20234	-1	-129	50	0	1	0	0	0
202351	砂上の舞姫	2	20235	2	461	120	1	1	0	0	0
202352	土煙	1	20235	1	174	120	1	1	0	0	0
202361	油断大敵	2	20236	2	508	180	4	1	0	0	0
202362	圧迫感	1	20236	1	217	180	4	1	0	0	0
202371	アンストッパブル	2	20237	2	508	180	2	1	0	0	0
202372	攻めの姿勢	1	20237	1	217	180	2	1	0	0	0
202381	ブレイクスルー	2	20238	2	508	180	2	1	0	0	0
202382	打開策	1	20238	1	217	180	2	1	0	0	0
202391	出力1000％！	2	20239	2	508	180	2	1	0	0	0
202392	しゃかりき	1	20239	1	217	180	2	1	0	0	0
202401	電光石火	2	20240	2	508	180	3	1	0	0	0
202402	一足飛び	1	20240	1	217	180	3	1	0	0	0
202411	風雲の志	2	20241	2	508	180	2	1	0	0	0
202412	向上心	1	20241	1	217	180	2	1	0	0	0
202421	無我夢中	2	20242	2	508	180	3	1	0	0	0
202422	がむしゃら	1	20242	1	217	180	3	1	0	0	0
202431	快進撃	2	20243	2	508	170	2	1	0	0	0
202432	確かな足取り	1	20243	1	217	170	2	1	0	0	0
202441	勝負師	2	20244	2	508	180	0	1	0	0	0
202442	やまっけ	1	20244	1	217	180	0	1	0	0	0
202451	トップギア	2	20245	2	508	180	3	1	0	0	0
202452	キレる脚	1	20245	1	217	180	3	1	0	0	0
202461	踏ませぬ影	2	20246	2	508	180	3	1	0	0	0
202462	粘り腰	1	20246	1	217	180	3	1	0	0	0
202471	猛追	2	20247	2	508	180	4	1	0	0	0
202472	食らいつき	1	20247	1	217	180	4	1	0	0	0
202481	怪物	2	20248	2	508	180	3	1	0	0	0
202482	本領発揮	1	20248	1	217	180	3	1	0	0	0
202491	抜群の切れ味	2	20249	2	508	180	3	1	0	0	0
202492	切れ味	1	20249	1	217	180	3	1	0	0	0
202501	遮二無二	2	20250	2	508	180	2	1	0	0	0
202502	向こう見ず	1	20250	1	217	180	2	1	0	0	0
202511	1番人気でヤバたん	1	20251	-1	-174	0	0	1	0	0	1
202521	天衣無縫	2	20252	2	508	180	4	1	0	0	0
202522	型破り	1	20252	1	217	180	4	1	0	0	0
202531	優位形成	2	20253	2	508	180	2	1	0	0	0
202532	しとやかな足取り	1	20253	1	217	180	2	1	0	0	0
202541	威風堂々	2	20254	2	508	190	3	1	0	0	0
202542	プレッシャー	1	20254	1	217	190	3	1	0	0	0
202551	神速	2	20255	2	633	200	4	1	0	0	0
202552	快速	1	20255	1	263	200	4	1	0	0	0
202561	一発必中	2	20256	2	508	160	2	1	0	0	0
202562	ロックオン	1	20256	1	217	160	2	1	0	0	0
202581	脱兎の先へ	2	20258	2	633	200	2	1	0	0	0
202582	脇目も振らず	1	20258	1	263	200	2	1	0	0	0
202591	一気呵成	2	20259	2	508	160	3	1	0	0	0
202592	大急ぎ	1	20259	1	217	160	3	1	0	0	0
202601	ルミネセンス	2	20260	2	508	160	4	1	0	0	0
202602	イグニッション	1	20260	1	217	160	4	1	0	0	0
202611	インスピレーション	2	20261	2	508	180	1	1	0	0	0
202612	溢れる情熱	1	20261	1	217	180	1	1	0	0	0
202621	突撃魂	2	20262	2	508	180	2	1	0	0	0
202622	進出開始	1	20262	1	217	180	2	1	0	0	0
202641	千里の道	2	20264	2	508	180	2	1	0	0	0
202642	一歩から	1	20264	1	217	180	2	1	0	0	0
202651	雲蒸竜変	2	20265	2	508	180	0	1	0	0	0
202652	自信家	1	20265	1	217	180	0	1	0	0	0
202661	昂る鼓動	2	20266	2	508	180	3	1	0	0	0
202662	込み上げる熱	1	20266	1	217	180	3	1	0	0	0
202671	ハイボルテージ	2	20267	2	508	160	3	1	0	0	0
202672	心弾んで	1	20267	1	217	160	3	1	0	0	0
202681	ブチ☆アゲ↑バイブス	2	20268	2	633	200	2	1	0	0	0
202682	バイブス上昇	1	20268	1	263	200	2	1	0	0	0
202691	誰より前へ！	2	20269	2	334	120	1	1	0	0	0
202692	一番乗り	1	20269	1	217	120	1	1	0	0	0
202701	シンギュラリティ	2	20270	2	461	120	0	1	0	0	0
202702	探求心	1	20270	1	174	120	0	1	0	0	0
202711	王手	2	20271	2	508	180	3	1	0	0	0
202712	会心の一歩	1	20271	1	217	180	3	1	0	0	0
202721	ネバーギブアップ	2	20272	2	508	180	2	1	0	0	0
202722	折れない心	1	20272	1	217	180	2	1	0	0	0
202731	ロンシャンレース場◎	1	20273	2	174	90	0	1	0	0	0
202732	ロンシャンレース場○	1	20273	1	129	70	0	1	0	0	0
202733	ロンシャンレース場×	1	20273	-1	-129	40	0	1	0	0	0
202734	ロンシャンの申し子	2	20273	3	461	130	0	1	0	0	0
202741	十全十美	2	20274	2	508	180	4	1	0	0	0
202742	品行方正	1	20274	1	217	180	4	1	0	0	0
202751	気骨稜稜	2	20275	2	508	160	2	1	0	0	0
202752	ひたむき前進	1	20275	1	217	160	2	1	0	0	0
202761	かっとばせ！	2	20276	2	508	180	2	1	0	0	0
202762	勝利に向かって	1	20276	1	217	180	2	1	0	0	0
202771	一点集中	2	20277	2	508	160	3	1	0	0	0
202772	狙いを定めて	1	20277	1	217	160	3	1	0	0	0
202791	時中の妙	2	20279	2	508	160	2	1	0	0	0
202792	中盤巧者	1	20279	1	217	160	2	1	0	0	0
202801	機先の勝負	2	20280	2	508	160	1	1	0	0	0
202802	序盤巧者	1	20280	1	217	160	1	1	0	0	0
202811	画竜点睛	2	20281	2	508	160	3	1	0	0	0
202812	大詰め	1	20281	1	217	160	3	1	0	0	0
202821	万里一空	2	20282	2	508	170	3	1	0	0	0
202822	迷いなし	1	20282	1	217	170	3	1	0	0	0
202831	コール&レスポンス	2	20283	2	633	200	2	1	0	0	0
202832	二段構え	1	20283	1	263	200	2	1	0	0	0
202841	砂の妙手	2	20284	2	508	200	2	1	0	0	0
202842	砂払い	1	20284	1	217	180	2	1	0	0	0
202851	一網打尽	2	20285	2	508	160	3	1	0	0	0
202852	ごぼう抜き	1	20285	1	217	160	3	1	0	0	0
202861	ロケットスタート	2	20286	2	334	120	1	1	0	0	0
202862	急発進	1	20286	1	217	120	1	1	0	0	0
202871	君臨	2	20287	2	508	180	3	1	0	0	0
202872	渾身の足取り	1	20287	1	217	180	3	1	0	0	0
202881	完全燃焼	2	20288	2	508	180	3	1	0	0	0
202882	たぎる血潮	1	20288	1	217	180	3	1	0	0	0
202891	心頭滅却	2	20289	2	508	180	1	1	0	0	0
202892	不動の心	1	20289	1	217	180	1	1	0	0	0
202901	飛翔脚	2	20290	2	508	180	2	1	0	0	0
202902	推力十分	1	20290	1	217	180	2	1	0	0	0
202912	切り崩し	1	20291	1	217	190	3	1	0	0	0
202921	一心不乱	2	20292	2	508	160	2	1	0	0	0
202922	惜しみなし	1	20292	1	217	160	2	1	0	0	0
202931	肉薄	2	20293	2	508	180	4	1	0	0	0
202932	影踏み	1	20293	1	217	180	4	1	0	0	0
202942	鬼気迫って	1	20294	1	217	160	2	1	0	0	0
202951	砂の開拓者	2	20295	2	508	160	1	1	0	0	0
202952	パイオニア	1	20295	1	217	160	1	1	0	0	0
202961	熱情	2	20296	2	508	180	2	1	0	0	0
202962	滾る想い	1	20296	1	217	180	2	1	0	0	0
202971	千載一遇	2	20297	2	508	160	3	1	0	0	0
202972	好機を捉えて	1	20297	1	217	160	3	1	0	0	0
202981	流星光底	2	20298	2	508	180	2	1	0	0	0
202982	飛躍の予感	1	20298	1	217	180	2	1	0	0	0
202991	直線コース◎	1	20299	2	174	90	0	1	0	0	0
202992	直線コース○	1	20299	1	129	70	0	1	0	0	0
202993	直線コース×	1	20299	-1	-129	40	0	1	0	0	0
203001	掌握	2	20300	2	508	180	3	1	0	0	0
203002	手練手管	1	20300	1	217	180	3	1	0	0	0
203011	電迅速攻	2	20301	2	508	140	2	1	0	0	0
203012	瞬発力	1	20301	1	217	140	2	1	0	0	0
203021	風翔	2	20302	2	508	140	2	1	0	0	0
203022	風切り	1	20302	1	217	140	2	1	0	0	0
203031	正攻法	2	20303	2	508	180	2	1	0	0	0
203032	素直な一歩	1	20303	1	217	180	2	1	0	0	0
203041	トキメキハート	2	20304	2	508	180	3	1	0	0	0
203042	胸の高鳴り	1	20304	1	217	180	3	1	0	0	0
203051	初志貫徹	2	20305	2	508	160	2	1	0	0	0
203052	揺るがぬ信念	1	20305	1	217	160	2	1	0	0	0
203061	無二	1	20306	1	217	120	4	1	0	0	0
203071	無三	1	20307	1	217	120	4	1	0	0	0
203081	踏みしめる大地	2	20308	2	508	170	3	1	0	0	0
203082	力の限り	1	20308	1	217	170	3	1	0	0	0
203091	砂塵一閃	2	20309	3	508	150	4	1	0	0	0
203092	ダート直線◎	1	20309	2	262	110	4	1	0	0	0
203093	ダート直線○	1	20309	1	217	100	4	1	0	0	0
203101	砂塵円刃	2	20310	3	508	150	4	1	0	0	0
203102	ダートコーナー◎	1	20310	2	262	110	4	1	0	0	0
203103	ダートコーナー○	1	20310	1	217	100	4	1	0	0	0
203111	王道一途	2	20311	2	508	160	3	1	0	0	0
203112	正面突破	1	20311	1	217	160	3	1	0	0	0
203121	強者の証	2	20312	2	508	170	2	1	0	0	0
203122	さらなる高みへ	1	20312	1	217	170	2	1	0	0	0
203131	幕引き	2	20313	2	508	180	3	1	0	0	0
203132	決定打	1	20313	1	217	180	3	1	0	0	0
203141	怜悧清澄	2	20314	2	633	200	2	1	0	0	0
203142	克己心	1	20314	1	263	200	2	1	0	0	0
203151	本能の解放	2	20315	2	508	180	3	1	0	0	0
203152	むきだしの情熱	1	20315	1	217	180	3	1	0	0	0
203161	豪胆無比	2	20316	2	508	160	2	1	0	0	0
203162	後先恐れず	1	20316	1	217	160	2	1	0	0	0
203171	一張一弛	2	20317	2	508	160	3	1	0	0	0
203172	切り替え上手	1	20317	1	217	160	3	1	0	0	0
203181	清濁併呑	2	20318	2	508	190	2	1	0	0	0
203182	裏腹なキモチ	1	20318	1	217	190	2	1	0	0	0
203201	早業	2	20320	2	508	180	2	1	0	0	0
203202	目にも留まらず	1	20320	1	217	180	2	1	0	0	0
203212	気の向くままに	1	20321	1	217	180	3	1	0	0	0
203221	影従打破	2	20322	2	508	160	2	1	0	0	0
203222	アグレッシブ	1	20322	1	217	160	2	1	0	0	0
203231	ハジける闘志	2	20323	2	508	180	1	1	0	0	0
203232	逸る足取り	1	20323	1	217	180	1	1	0	0	0
203241	連鎖反応	2	20324	2	633	200	2	1	0	0	0
203242	端緒	1	20324	1	263	200	2	1	0	0	0
203251	烈火の如く	2	20325	2	508	180	3	1	0	0	0
203252	急襲	1	20325	1	217	180	3	1	0	0	0
203262	覚悟を決めて	1	20326	1	217	160	3	1	0	0	0
203272	切り込み隊長	1	20327	1	217	180	1	1	0	0	0
203281	無意識の枷	1	20328	-1	-174	0	0	1	0	0	1
203301	熾烈の極み	2	20330	2	508	140	2	1	0	0	0
203302	熱狂的	1	20330	1	217	140	2	1	0	0	0
203311	閃光	2	20331	2	508	140	2	1	0	0	0
203312	光差す方へ	1	20331	1	217	140	2	1	0	0	0
203321	舞い降りる翼	2	20332	2	334	120	4	1	0	0	0
203322	駆け降り	1	20332	1	217	120	4	1	0	0	0
203331	用意周到	2	20333	2	508	160	2	1	0	0	0
203332	下準備	1	20333	1	217	160	2	1	0	0	0
203341	追跡者	2	20334	2	508	170	2	1	0	0	0
203342	這い寄る足音	1	20334	1	217	170	2	1	0	0	0
203351	勇猛果敢	2	20335	2	508	160	2	1	0	0	0
203352	ハイピッチ	1	20335	1	217	160	2	1	0	0	0
203361	真骨頂	2	20336	2	508	180	2	1	0	0	0
203362	一歩ずつ前へ	1	20336	1	217	180	2	1	0	0	0
203371	後の先	2	20337	2	508	180	3	1	0	0	0
203372	切り返し	1	20337	1	217	180	3	1	0	0	0
203381	勝負はここから！	2	20338	2	508	180	3	1	0	0	0
203382	逃げ切り体勢	1	20338	1	217	180	3	1	0	0	0
203391	英姿颯爽	2	20339	2	508	170	4	1	0	0	0
203392	破天荒	1	20339	1	217	170	4	1	0	0	0
203401	飛竜乗雲	2	20340	2	508	170	3	1	0	0	0
203402	追い風に乗って	1	20340	1	217	170	3	1	0	0	0
203411	努力の結実	2	20341	2	508	170	2	1	0	0	0
203412	地道に重ねて	1	20341	1	217	170	2	1	0	0	0
203421	正々堂々	2	20342	2	508	180	3	1	0	0	0
203422	己を信じて	1	20342	1	217	180	3	1	0	0	0
203431	才気煥発	2	20343	2	508	170	3	1	0	0	0
203432	躍動	1	20343	1	217	170	3	1	0	0	0
203441	夢の舞台へ	2	20344	2	508	170	3	1	0	0	0
203442	憧れを越えて	1	20344	1	217	170	3	1	0	0	0
203452	ターニングポイント	1	20345	1	217	170	3	1	0	0	0
203461	傑出	2	20346	2	508	180	4	1	0	0	0
203462	抜きん出る一歩	1	20346	1	217	180	4	1	0	0	0
203471	猛烈激走	2	20347	2	508	180	3	1	0	0	0
203472	みなぎる闘志	1	20347	1	217	180	3	1	0	0	0
203481	イニシアチブ	2	20348	2	508	170	3	1	0	0	0
203482	譲れぬ一歩	1	20348	1	217	170	3	1	0	0	0
203491	丁々発止	2	20349	2	508	170	3	1	0	0	0
203492	火花散らして	1	20349	1	217	170	3	1	0	0	0
203501	英俊豪傑	2	20350	2	633	200	2	1	0	0	0
203502	比類なき	1	20350	1	263	200	2	1	0	0	0
203511	睥睨	2	20351	2	633	200	2	1	0	0	0
203512	覇気十分	1	20351	1	263	200	2	1	0	0	0
203522	垣間見た光	1	20352	1	217	170	3	1	0	0	0
203532	登竜門	1	20353	1	217	120	4	1	0	0	0
203541	天真爛漫	2	20354	2	508	160	3	1	0	0	0
203542	足任せ	1	20354	1	217	160	3	1	0	0	0
203552	ステップアップ	1	20355	1	217	160	2	1	0	0	0
203561	一所懸命	2	20356	2	508	170	3	1	0	0	0
203562	奮闘	1	20356	1	217	170	3	1	0	0	0
203571	突破口	2	20357	2	508	160	2	1	0	0	0
203572	足がかり	1	20357	1	217	160	2	1	0	0	0
203582	捕捉	1	20358	1	217	190	2	1	0	0	0
203591	独立独歩	2	20359	2	508	180	3	1	0	0	0
203592	押し通る！	1	20359	1	217	180	3	1	0	0	0
203601	見事な砂蹴り	2	20360	2	508	160	4	1	0	0	0
203602	砂蹴り	1	20360	1	217	160	4	1	0	0	0
203611	点滴穿石	2	20361	2	508	170	3	1	0	0	0
203612	精進	1	20361	1	217	170	3	1	0	0	0
203621	ストレートハート	2	20362	2	508	160	2	1	0	0	0
203622	真っ直ぐな走り	1	20362	1	217	160	2	1	0	0	0
203631	唯一無二	2	20363	2	508	180	4	1	0	0	0
203632	夢への挑戦	1	20363	1	217	180	4	1	0	0	0
203641	曙光	2	20364	2	508	180	3	1	0	0	0
203642	光明	1	20364	1	217	180	3	1	0	0	0
203651	パスファインダー	2	20365	2	508	180	2	1	0	0	0
203652	活路を拓く！	1	20365	1	217	180	2	1	0	0	0
203661	悠久走破	2	20366	2	508	180	2	1	0	0	0
203662	健脚	1	20366	1	217	180	2	1	0	0	0
203671	陽炎	2	20367	2	508	180	2	1	0	0	0
203672	静かな熱	1	20367	1	217	180	2	1	0	0	0
203681	秘めた闘魂	2	20368	2	508	170	2	1	0	0	0
203682	不断の鍛錬	1	20368	1	217	170	2	1	0	0	0
203691	ハイパーハイテンション☆	1	20369	-1	-174	0	0	1	0	0	1
203701	快刀乱麻	2	20370	2	508	160	3	1	0	0	0
203702	思い切り	1	20370	1	217	160	3	1	0	0	0
203711	ショーダウン	2	20371	2	508	180	3	1	0	0	0
203712	勇気の一歩	1	20371	1	217	180	3	1	0	0	0
203721	この手に掴んだ未来	2	20372	1	508	360	4	1	0	0	0
203731	エネルギッシュ	2	20373	2	633	200	2	1	0	0	0
203732	張り切り	1	20373	1	263	200	2	1	0	0	0
203741	刹那の勝機	2	20374	2	508	160	4	1	0	0	0
203742	間隙を突いて	1	20374	1	217	160	4	1	0	0	0
203751	残影	2	20375	2	508	140	2	1	0	0	0
203752	影を追って	1	20375	1	217	140	2	1	0	0	0
203761	即断即決	2	20376	2	508	180	3	1	0	0	0
203762	追駆	1	20376	1	217	180	3	1	0	0	0
203772	臆せぬ心	1	20377	1	217	160	2	1	0	0	0
203781	衝動	1	20378	1	434	320	0	1	0	0	0
203791	闘争本能	2	20379	2	508	180	4	1	0	0	0
203792	好戦的	1	20379	1	217	180	4	1	0	0	0
203801	解き放つ情念	2	20380	2	633	200	2	1	0	0	0
203802	想い焦がれて	1	20380	1	263	200	2	1	0	0	0
203812	精神力	1	20381	1	174	120	0	1	0	0	0
203822	内なる獣	1	20382	1	217	180	3	1	0	0	0
203831	天賦の才	2	20383	2	508	170	3	1	0	0	0
203832	頂を目指して	1	20383	1	217	170	3	1	0	0	0
203841	才色兼備	2	20384	2	508	160	2	1	0	0	0
203842	優等生	1	20384	1	217	160	2	1	0	0	0
203851	好奇心	2	20385	2	508	180	2	1	0	0	0
203852	心惹かれて	1	20385	1	217	180	2	1	0	0	0
203861	自由奔放	2	20386	2	508	180	4	1	0	0	0
203862	気ままな足取り	1	20386	1	217	180	4	1	0	0	0
203871	閃く雷光	2	20387	2	334	120	4	1	0	0	0
203872	弾ける足取り	1	20387	1	217	120	4	1	0	0	0
203881	問答無用	2	20388	2	508	160	2	1	0	0	0
203882	待ったなし	1	20388	1	217	160	2	1	0	0	0
203892	ヒートアップ	1	20389	1	217	170	3	1	0	0	0
203902	急降下	1	20390	1	217	120	4	1	0	0	0
203911	至宝の輝き	2	20391	2	508	170	2	1	0	0	0
203912	誇りを抱いて	1	20391	1	217	170	2	1	0	0	0
203922	プレリュード	1	20392	1	217	160	2	1	0	0	0
203931	百戦錬磨	2	20393	2	508	160	2	1	0	0	0
203932	練達の一歩	1	20393	1	217	160	2	1	0	0	0
203941	まばたき厳禁！	2	20394	2	508	180	2	1	0	0	0
203942	シビれる走り	1	20394	1	217	180	2	1	0	0	0
203951	麒麟児	2	20395	2	508	180	0	1	0	0	0
203952	天才肌	1	20395	1	217	180	0	1	0	0	0
203961	不抜の気概	2	20396	2	508	170	2	1	0	0	0
203962	気丈な姿勢	1	20396	1	217	170	2	1	0	0	0
203972	なりふり構わず	1	20397	1	217	160	2	1	0	0	0
203981	勇壮活発	2	20398	2	508	180	4	1	0	0	0
203982	バイタリティ	1	20398	1	217	180	4	1	0	0	0
203991	開花	2	20399	2	508	180	2	1	0	0	0
203992	目覚めの時	1	20399	1	217	180	2	1	0	0	0
204001	迸る気迫	2	20400	2	508	180	4	1	0	0	0
204002	意地っ張り	1	20400	1	217	180	4	1	0	0	0
204012	力業	1	20401	1	217	190	2	1	0	0	0
204021	一世一代	2	20402	2	508	160	3	1	0	0	0
204022	ここ一番	1	20402	1	217	160	3	1	0	0	0
204031	千鍛万錬	2	20403	2	508	180	2	1	0	0	0
204032	労を惜しまず	1	20403	1	217	180	2	1	0	0	0
204041	錦上添花	2	20404	2	334	120	4	1	0	0	0
204042	華麗な足取り	1	20404	1	217	120	4	1	0	0	0
204051	燃ゆる魂	2	20405	2	508	180	3	1	0	0	0
204052	灯を胸に	1	20405	1	217	180	3	1	0	0	0
204061	勇気凛々	2	20406	2	508	170	4	1	0	0	0
204062	凛然と	1	20406	1	217	170	4	1	0	0	0
204071	順風満帆	2	20407	2	508	180	2	1	0	0	0
204072	気持ちを乗せて	1	20407	1	217	180	2	1	0	0	0
204081	大車輪	2	20408	2	334	120	4	1	0	0	0
204082	余勢を駆って	1	20408	1	217	120	4	1	0	0	0
204092	逃げるが勝ち！	1	20409	1	217	180	2	1	0	0	0
204101	震天動地	2	20410	2	508	170	3	1	0	0	0
204102	轟く足音	1	20410	1	217	170	3	1	0	0	0
204111	行雲流水	2	20411	2	508	180	2	1	0	0	0
204112	淀みなし	1	20411	1	217	180	2	1	0	0	0
204121	遥か先へ	2	20412	2	633	200	3	1	0	0	0
204122	勝負を懸けて	1	20412	1	263	200	3	1	0	0	0
204131	有志竟成	2	20413	2	508	180	2	1	0	0	0
204132	大志を抱いて	1	20413	1	217	180	2	1	0	0	0
204141	気丈夫	2	20414	2	508	180	0	1	0	0	0
204142	あふれる活力	1	20414	1	217	180	0	1	0	0	0
204151	ぶっちぎり！	2	20415	2	508	180	2	1	0	0	0
204152	前進あるのみ	1	20415	1	217	180	2	1	0	0	0
204161	猪突猛進	2	20416	2	508	180	3	1	0	0	0
204162	押しの一手	1	20416	1	217	180	3	1	0	0	0
204171	元気溌剌	2	20417	2	508	170	3	1	0	0	0
204172	溌剌	1	20417	1	217	170	3	1	0	0	0
204181	前人未到	2	20418	2	508	180	2	1	0	0	0
204182	巨歩	1	20418	1	217	180	2	1	0	0	0
204191	イノベーション	2	20419	2	508	180	2	1	0	0	0
204192	アプローチ	1	20419	1	217	180	2	1	0	0	0
204202	戦略家	1	20420	1	217	180	0	1	0	0	0
204211	パラダイムシフト	2	20421	2	508	190	2	1	0	0	0
204212	卓越する走り	1	20421	1	217	190	2	1	0	0	0
204222	もう一踏ん張り	1	20422	1	217	180	3	1	0	0	0
204232	サンタアニタパークレース場◎	1	20423	2	174	90	0	1	0	0	0
204233	サンタアニタパークレース場○	1	20423	1	129	70	0	1	0	0	0
204234	サンタアニタパークレース場×	1	20423	-1	-129	40	0	1	0	0	0
204242	デルマーレース場◎	1	20424	2	174	90	0	1	0	0	0
204243	デルマーレース場○	1	20424	1	129	70	0	1	0	0	0
204244	デルマーレース場×	1	20424	-1	-129	40	0	1	0	0	0
204262	星の煌き	1	20426	1	263	200	3	1	0	0	0
204271	匠のステアリング	2	20427	2	508	170	4	1	0	0	0
204272	急旋回	1	20427	1	217	170	4	1	0	0	0
204282	猛プッシュ	1	20428	1	217	160	2	1	0	0	0
204292	超長距離回復◎	1	20429	2	262	80	2	1	0	0	0
204293	超長距離回復○	1	20429	1	217	160	2	1	0	0	0
204301	百花繚乱	2	20430	2	508	160	2	1	0	0	0
204302	個性的	1	20430	1	217	160	2	1	0	0	0
204311	圧倒	2	20431	2	508	160	3	1	0	0	0
204312	押せ押せムード	1	20431	1	217	160	3	1	0	0	0
204322	阿吽の呼吸	1	20432	1	217	180	2	1	0	0	0
204331	継続は力なり	2	20433	2	508	140	2	1	0	0	0
204332	実直な走り	1	20433	1	217	140	2	1	0	0	0
204342	弾みをつけて	1	20434	1	217	180	2	1	0	0	0
204351	一騎当千	2	20435	2	508	180	2	1	0	0	0
204352	勇を奮って	1	20435	1	217	180	2	1	0	0	0
204362	大立ち回り	1	20436	1	217	180	2	1	0	0	0
204372	流れに任せて	1	20437	1	217	180	2	1	0	0	0
204381	光輝燦然	2	20438	2	508	180	4	1	0	0	0
204382	輝きを放って	1	20438	1	217	180	4	1	0	0	0
204391	悠々自適	2	20439	2	508	190	2	1	0	0	0
204392	息抜き上手	1	20439	1	217	190	2	1	0	0	0
204412	憂いなし	1	20441	1	217	160	2	1	0	0	0
204431	絶塵	2	20443	2	508	180	3	1	0	0	0
204432	影より速く	1	20443	1	217	180	3	1	0	0	0
204442	追尾	1	20444	1	217	190	2	1	0	0	0
204452	聖女の試練	1	20445	2	262	60	2	1	0	0	0
204453	聖女の挑戦	1	20445	1	217	140	2	1	0	0	0
204462	いざ我が道へ！	1	20446	1	217	160	1	1	0	0	0
204472	奮い立つ心	1	20447	1	217	180	4	1	0	0	0
210011	アオハル燃焼・速	2	21001	2	633	200	2	1	0	0	0
210012	アオハル点火・速	1	21001	1	263	200	2	1	0	0	0
210021	アオハル燃焼・体	2	21002	2	633	200	2	1	0	0	0
210022	アオハル点火・体	1	21002	1	263	200	2	1	0	0	0
210031	アオハル燃焼・力	2	21003	2	633	200	3	1	0	0	0
210032	アオハル点火・力	1	21003	1	263	200	3	1	0	0	0
210041	アオハル燃焼・根	2	21004	2	633	200	3	1	0	0	0
210042	アオハル点火・根	1	21004	1	263	200	3	1	0	0	0
210051	アオハル燃焼・賢	2	21005	2	633	200	1	1	0	0	0
210052	アオハル点火・賢	1	21005	1	263	200	1	1	0	0	0
210061	一番星	2	21006	2	633	200	4	1	0	0	0
210062	綺羅星	1	21006	1	263	200	4	1	0	0	0
210071	キミと勝ちたい	2	21007	2	633	200	4	1	0	0	0
210072	夢の途中	1	21007	1	263	200	4	1	0	0	0
210081	限界の先へ	2	21008	2	633	200	3	1	0	0	0
210082	前だけ見据えて	1	21008	1	263	200	3	1	0	0	0
210091	レースの真髄・速	1	21009	1	174	150	2	1	0	0	0
210101	レースの真髄・体	1	21010	1	174	150	3	1	0	0	0
210111	レースの真髄・力	1	21011	1	174	150	3	1	0	0	0
210121	レースの真髄・根	1	21012	1	174	150	3	1	0	0	0
210131	レースの真髄・賢	1	21013	1	174	150	4	1	0	0	0
210141	レースの真髄・心	1	21014	1	174	150	0	1	0	0	0
210261	太陽の叡智	2	21026	2	633	200	2	1	0	0	0
210262	陽の加護	1	21026	1	263	200	2	1	0	0	0
210271	大海の叡智	2	21027	2	633	200	1	1	0	0	0
210272	海の加護	1	21027	1	263	200	1	1	0	0	0
210281	大地の叡智	2	21028	2	633	200	3	1	0	0	0
210282	地の加護	1	21028	1	263	200	3	1	0	0	0
210291	最高峰の夢	2	21029	2	633	200	3	1	0	0	0
210292	想いを背負って	1	21029	1	263	200	3	1	0	0	0
210301	爆熱のキラメキ！	2	21030	2	633	200	2	1	0	0	0
210302	バーニングソウル	1	21030	1	263	200	2	1	0	0	0
210311	アスリート魂	1	21031	1	217	170	4	1	0	0	0
210321	私たちの走る道程	2	21032	2	633	200	3	1	0	0	0
210322	いつまでも健やかに	1	21032	1	263	200	3	1	0	0	0
210331	食の極意	1	21033	1	217	170	2	1	0	0	0
210341	もう少しだけ、いい景色	2	21034	2	633	200	3	1	0	0	0
210342	夢の再生方法	1	21034	1	263	200	3	1	0	0	0
210351	新たな伝説を築く者	2	21035	2	633	200	3	1	0	0	0
210352	時代を変える者	1	21035	1	263	200	3	1	0	0	0
210361	本能の懸け橋	2	21036	2	633	200	3	1	0	0	0
210362	あるがままに	1	21036	1	263	200	3	1	0	0	0
210371	保養が導く奇跡	2	21037	2	633	200	3	1	0	0	0
210372	本気で休んで、もう一度	1	21037	1	263	200	3	1	0	0	0
210381	情熱と挑戦の先の栄光	2	21038	2	633	200	3	1	0	0	0
210382	アメリカンドリーム	1	21038	1	263	200	3	1	0	0	0
210391	極上の感謝を！	2	21039	2	633	200	3	1	0	0	0
210392	恩返し、召し上がれ	1	21039	1	263	200	3	1	0	0	0
900011	シューティングスター	1	90001	2	180	200	5	1	0	0	0
900021	先頭の景色は譲らない…！	1	90002	2	180	200	5	1	0	0	0
900031	究極テイオーステップ	1	90003	2	180	200	5	1	0	0	0
900041	紅焔ギア/LP1211-M	1	90004	2	180	200	5	1	0	0	0
900051	煌星のヴォードヴィル	1	90005	2	180	200	5	1	0	0	0
900061	勝利の鼓動	1	90006	2	180	200	5	1	0	0	0
900071	不沈艦、抜錨ォッ！	1	90007	2	180	200	5	1	0	0	0
900081	カッティング×DRIVE！	1	90008	2	180	200	5	1	0	0	0
900091	ブリリアント・レッドエース	1	90009	2	180	200	5	1	0	0	0
900101	ヴィクトリーショット！	1	90010	2	180	200	5	1	0	0	0
900111	精神一到何事か成らざらん	1	90011	2	180	200	5	1	0	0	0
900121	タイマン！デッドヒート！	1	90012	2	180	200	5	1	0	0	0
900131	貴顕の使命を果たすべく	1	90013	2	180	200	5	1	0	0	0
900141	プランチャ☆ガナドール	1	90014	2	180	200	5	1	0	0	0
900151	ヴィットーリアに捧ぐ舞踏	1	90015	2	180	200	5	1	0	0	0
900161	Shadow Break	1	90016	2	180	200	5	1	0	0	0
900171	汝、皇帝の神威を見よ	1	90017	2	180	200	5	1	0	0	0
900181	ブレイズ・オブ・プライド	1	90018	2	180	200	5	1	0	0	0
900191	尊み☆ﾗｽﾄｽﾊﾟ—(ﾟ∀ﾟ)—ﾄ!	1	90019	2	180	200	5	1	0	0	0
900201	アングリング×スキーミング	1	90020	2	180	200	5	1	0	0	0
900211	白い稲妻、見せたるで！	1	90021	2	180	200	5	1	0	0	0
900221	Fairy tale	1	90022	2	180	200	5	1	0	0	0
900231	∴win Q.E.D.	1	90023	2	180	200	5	1	0	0	0
900241	ひらめき☆ランディング	1	90024	2	180	200	5	1	0	0	0
900251	アナタヲ・オイカケテ	1	90025	2	180	200	5	1	0	0	0
900261	G00 1st.F∞;	1	90026	2	180	200	5	1	0	0	0
900271	レッツ・アナボリック！	1	90027	2	180	200	5	1	0	0	0
900281	I'M☆FULL☆SPEED!!	1	90028	2	180	200	5	1	0	0	0
900291	ゆきあかり、おいかけて	1	90029	2	180	200	5	1	0	0	0
900301	ブルーローズチェイサー	1	90030	2	180	200	5	1	0	0	0
900311	チャージ完了！全速前進！	1	90031	2	180	200	5	1	0	0	0
900321	U=ma2	1	90032	2	180	200	5	1	0	0	0
900331	ディオスクロイの流星	1	90033	2	180	200	5	1	0	0	0
900341	快走かな、快走かな！	1	90034	2	180	200	5	1	0	0	0
900351	勝利のチケットを、君にッ！	1	90035	2	180	200	5	1	0	0	0
900361	trigger:BEAT	1	90036	2	180	200	5	1	0	0	0
900371	Schwarzes Schwert	1	90037	2	180	200	5	1	0	0	0
900381	#LookatCurren	1	90038	2	180	200	5	1	0	0	0
900391	姫たるもの、勝利をこの手に	1	90039	2	180	200	5	1	0	0	0
900401	KEEP IT REAL.	1	90040	2	180	200	5	1	0	0	0
900411	優等生×バクシン＝大勝利ッ	1	90041	2	180	200	5	1	0	0	0
900421	『I'm possible』	1	90042	2	180	200	5	1	0	0	0
900431	Ding Dong Boo	1	90043	2	180	200	5	1	0	0	0
900441	いただき☆ストレリチア！	1	90044	2	180	200	5	1	0	0	0
900451	ピュリティオブハート	1	90045	2	180	200	5	1	0	0	0
900461	キラキラ☆STARDOM	1	90046	2	180	200	5	1	0	0	0
900471	掲げよ、己が魂の剣を！	1	90047	2	180	200	5	1	0	0	0
900481	YEAH☆VIVID TIME!	1	90048	2	180	200	5	1	0	0	0
900491	剣ヶ峰より、狂気に嗤え	1	90049	2	180	200	5	1	0	0	0
900501	Nemesis	1	90050	2	180	200	5	1	0	0	0
900511	つぼみ、ほころぶ時	1	90051	2	180	200	5	1	0	0	0
900521	ワクワククライマックス	1	90052	2	180	200	5	1	0	0	0
900531	熱血！！風紀アタック	1	90053	2	180	200	5	1	0	0	0
900541	疾風爆走ペガサスダッシュ！	1	90054	2	180	200	5	1	0	0	0
900551	万彩☆マーベラス★世界	1	90055	2	180	200	5	1	0	0	0
900561	来ます来てます来させます！	1	90056	2	180	200	5	1	0	0	0
900571	叙情、旅路の果てに	1	90057	2	180	200	5	1	0	0	0
900581	I Never Goof Up!	1	90058	2	180	200	5	1	0	0	0
900591	彼方、その先へ…	1	90059	2	180	200	5	1	0	0	0
900601	きっとその先へ…！	1	90060	2	180	200	5	1	0	0	0
900611	Pride of KING	1	90061	2	180	200	5	1	0	0	0
900621	どんっ、パッ、むんっ	1	90062	2	180	200	5	1	0	0	0
900631	百錬成鋼	1	90063	2	180	200	5	1	0	0	0
900641	ぶっちぎりロード	1	90064	2	180	200	5	1	0	0	0
900651	アゲてアゲてぷちょへんざ！	1	90065	2	180	200	5	1	0	0	0
900661	エンジン全開！大噴射！	1	90066	2	180	200	5	1	0	0	0
900671	晦冥を照らせ永遠の耀き	1	90067	2	180	200	5	1	0	0	0
900681	勝ち鬨ワッショイ！	1	90068	2	180	200	5	1	0	0	0
900691	憧れは桜を越える！	1	90069	2	180	200	5	1	0	0	0
900701	セイリオス	1	90070	2	180	200	5	1	0	0	0
900711	一期の夢、刹那の飛翔	1	90071	2	180	200	5	1	0	0	0
900721	烈火繚乱、無敵之舞	1	90072	2	180	200	5	1	0	0	0
900731	燃え盛るは絶対の意志	1	90073	2	180	200	5	1	0	0	0
900741	麗しき花信風	1	90074	2	180	200	5	1	0	0	0
900761	花開き、世界	1	90076	2	180	200	5	1	0	0	0
900771	Road to Glory	1	90077	2	180	200	5	1	0	0	0
900781	風光る	1	90078	2	180	200	5	1	0	0	0
900791	『船橋最強！』	1	90079	2	180	200	5	1	0	0	0
900801	Info: Acquired	1	90080	2	180	200	5	1	0	0	0
900811	Punkish Bite	1	90081	2	180	200	5	1	0	0	0
900821	Shining Runway	1	90082	2	180	200	5	1	0	0	0
900831	Mission: Triumph	1	90083	2	180	200	5	1	0	0	0
900841	霹靂のアウフヘーベン	1	90084	2	180	200	5	1	0	0	0
900851	至上であれ	1	90085	2	180	200	5	1	0	0	0
900861	愛と熔けよただ熔けよ	1	90086	2	180	200	5	1	0	0	0
900871	Silent letter	1	90087	2	180	200	5	1	0	0	0
900881	Reversal Illusion	1	90088	2	180	200	5	1	0	0	0
900891	Celeste Oath	1	90089	2	180	200	5	1	0	0	0
900901	Queen's Rebirth	1	90090	2	180	200	5	1	0	0	0
900911	デラックス☆ファウンテン	1	90091	2	180	200	5	1	0	0	0
900921	照らすのはわたしの焔	1	90092	2	180	200	5	1	0	0	0
900931	幸せの青い光	1	90093	2	180	200	5	1	0	0	0
900941	Faith in the Feral	1	90094	2	180	200	5	1	0	0	0
900951	念い、信ずればこそ	1	90095	2	180	200	5	1	0	0	0
900961	知宵欺敵、百戦不殆	1	90096	2	180	200	5	1	0	0	0
900971	スカーレットリリィの高揚	1	90097	2	180	200	5	1	0	0	0
900981	理運開かりて翔る	1	90098	2	180	200	5	1	0	0	0
900991	かがやけ☆とまこまい	1	90099	2	180	200	5	1	0	0	0
901001	Never Say Never	1	90100	2	180	200	5	1	0	0	0
901021	ヴィヴァーチェ・ヴォラーレ	1	90102	2	180	200	5	1	0	0	0
901031	絶対最強☆アピール宣言！	1	90103	2	180	200	5	1	0	0	0
901041	暁の御旗『葛城栄主』！	1	90104	2	180	200	5	1	0	0	0
901051	アド・アストラ	1	90105	2	180	200	5	1	0	0	0
901061	Bang☆ミラクるわせ！	1	90106	2	180	200	5	1	0	0	0
901071	Billions of stars	1	90107	2	180	200	5	1	0	0	0
901081	羅刹、赤翼にて天上へ至らん	1	90108	2	180	200	5	1	0	0	0
901091	繋ぐ・繋がる×夢・未来	1	90109	2	180	200	5	1	0	0	0
901101	Guiding Sea	1	90110	2	180	200	5	1	0	0	0
901111	辿る血脈、芽吹く未来	1	90111	2	180	200	5	1	0	0	0
901121	With All My Heart	1	90112	2	180	200	5	1	0	0	0
901131	ホップステップ・ゲッチュ♡	1	90113	2	180	200	5	1	0	0	0
901141	To Our Vista	1	90114	2	180	200	5	1	0	0	0
901151	我が覇道、阻むものなし	1	90115	2	180	200	5	1	0	0	0
901161	烈華の洗礼	1	90116	2	180	200	5	1	0	0	0
901171	鋭気のアレグロ	1	90117	2	180	200	5	1	0	0	0
901181	悠遠のファーノース	1	90118	2	180	200	5	1	0	0	0
901191	『それでは、よき旅を』	1	90119	2	180	200	5	1	0	0	0
901201	無二無三なる一条の路	1	90120	2	180	200	5	1	0	0	0
901211	Lame de vent	1	90121	2	180	200	5	1	0	0	0
901241	ふくらむ夢、先駆の途	1	90124	2	180	200	5	1	0	0	0
901271	対象捕捉！正義遂行！	1	90127	2	180	200	5	1	0	0	0
901291	Peerless Heroine	1	90129	2	180	200	5	1	0	0	0
901301	咲う花形	1	90130	2	180	200	5	1	0	0	0
901311	¡Qué alegría!	1	90131	2	180	200	5	1	0	0	0
901321	Circulating Love♡	1	90132	2	180	200	5	1	0	0	0
901331	Weaving History	1	90133	2	180	200	5	1	0	0	0
901341	いずれあなたに咲くフローラ	1	90134	2	180	200	5	1	0	0	0
901351	黄金を訪ねて	1	90135	2	180	200	5	1	0	0	0
901361	無垢の祈り・ホーリーライト	1	90136	2	180	200	5	1	0	0	0
901371	想像×創造＝∞	1	90137	2	180	200	5	1	0	0	0
901431	Ring-a-Link	1	90143	2	180	200	5	1	0	0	0
910011	わやかわ♪マリンダイヴ	1	91001	2	180	200	5	1	0	0	0
910021	水平線のその先へ	1	91002	2	180	200	5	1	0	0	0
910031	絶対は、ボクだ	1	91003	2	180	200	5	1	0	0	0
910041	グッときて♪Chu	1	91004	2	180	200	5	1	0	0	0
910051	Ravissant	1	91005	2	180	200	5	1	0	0	0
910061	聖夜のミラクルラン！	1	91006	2	180	200	5	1	0	0	0
910071	Adventure of 564	1	91007	2	180	200	5	1	0	0	0
910081	Into High Gear!	1	91008	2	180	200	5	1	0	0	0
910091	Queen's Lumination	1	91009	2	180	200	5	1	0	0	0
910101	Joyful Voyage!	1	91010	2	180	200	5	1	0	0	0
910111	ゲインヒール・スペリアー	1	91011	2	180	200	5	1	0	0	0
910121	大盛り！ファーストバイト！	1	91012	2	180	200	5	1	0	0	0
910131	最強の名を懸けて	1	91013	2	180	200	5	1	0	0	0
910141	コンドル猛撃波	1	91014	2	180	200	5	1	0	0	0
910151	恵福バルカローレ	1	91015	2	180	200	5	1	0	0	0
910161	灰色の臨界点	1	91016	2	180	200	5	1	0	0	0
910171	翳り退く、さざめきの矢	1	91017	2	180	200	5	1	0	0	0
910181	薫風、永遠なる瞬間を	1	91018	2	180	200	5	1	0	0	0
910191	萌到讓我活過來了！	1	91019	2	180	200	5	1	0	0	0
910201	Do Ya Breakin!	1	91020	2	180	200	5	1	0	0	0
910211	火神鳴	1	91021	2	180	200	5	1	0	0	0
910221	Best day ever	1	91022	2	180	200	5	1	0	0	0
910231	Presents from X	1	91023	2	180	200	5	1	0	0	0
910241	フラワリー☆マニューバ	1	91024	2	180	200	5	1	0	0	0
910251	心からのおもてにゃし	1	91025	2	180	200	5	1	0	0	0
910261	オペレーション・Cacao	1	91026	2	180	200	5	1	0	0	0
910271	あなたに捧げるフリーポア	1	91027	2	180	200	5	1	0	0	0
910281	シュガーパレード・始動！	1	91028	2	180	200	5	1	0	0	0
910291	いっぱいおあげんしぇ！	1	91029	2	180	200	5	1	0	0	0
910301	Drain for rose	1	91030	2	180	200	5	1	0	0	0
910311	フレッシュ☆パーラー	1	91031	2	180	200	5	1	0	0	0
910321	夏空ハレーション	1	91032	2	180	200	5	1	0	0	0
910331	Crystal Mist	1	91033	2	180	200	5	1	0	0	0
910341	灯穂	1	91034	2	180	200	5	1	0	0	0
910351	夢の先へ、届け！	1	91035	2	180	200	5	1	0	0	0
910361	...found you.	1	91036	2	180	200	5	1	0	0	0
910371	Guten Appetit♪	1	91037	2	180	200	5	1	0	0	0
910381	One True Color	1	91038	2	180	200	5	1	0	0	0
910391	快なる剛力	1	91039	2	180	200	5	1	0	0	0
910401	GET DOWN	1	91040	2	180	200	5	1	0	0	0
910411	CHERRY☆スクランブル	1	91041	2	180	200	5	1	0	0	0
910421	Oh!bento-magic☆	1	91042	2	180	200	5	1	0	0	0
910441	とっておきmaterialize	1	91044	2	180	200	5	1	0	0	0
910451	ぐるぐるマミートリック♡	1	91045	2	180	200	5	1	0	0	0
910461	α-star*	1	91046	2	180	200	5	1	0	0	0
910471	未知との遭遇、即ち物語	1	91047	2	180	200	5	1	0	0	0
910481	GALmem.ふぉーえば♪	1	91048	2	180	200	5	1	0	0	0
910491	運否、聖夜の星に賭ける	1	91049	2	180	200	5	1	0	0	0
910501	Hephaistos	1	91050	2	180	200	5	1	0	0	0
910511	Flowering Dreams	1	91051	2	180	200	5	1	0	0	0
910521	113転び114起き	1	91052	2	180	200	5	1	0	0	0
910531	奥義・常夏バーニング！！	1	91053	2	180	200	5	1	0	0	0
910551	喝采☆ワンダードール！	1	91055	2	180	200	5	1	0	0	0
910561	禾スナハチ登ル	1	91056	2	180	200	5	1	0	0	0
910571	爛然闊歩	1	91057	2	180	200	5	1	0	0	0
910581	Spooky-Scary-Happy	1	91058	2	180	200	5	1	0	0	0
910591	ときめきが呼ぶほうへ	1	91059	2	180	200	5	1	0	0	0
910601	Go☆Go☆for it!	1	91060	2	180	200	5	1	0	0	0
910611	轟！トレセン応援団！！	1	91061	2	180	200	5	1	0	0	0
910621	ごろりん！？パワードライブ	1	91062	2	180	200	5	1	0	0	0
910631	千歳、廻りて	1	91063	2	180	200	5	1	0	0	0
910641	jingle all the way	1	91064	2	180	200	5	1	0	0	0
910651	ノッてけ、マッシュアップ！	1	91065	2	180	200	5	1	0	0	0
910671	玄雲散らす、黄金甲矢	1	91067	2	180	200	5	1	0	0	0
910681	あっぱれ大盤振る舞い！	1	91068	2	180	200	5	1	0	0	0
910691	咲け咲け！私！	1	91069	2	180	200	5	1	0	0	0
910701	駆るは光、狩るは星々	1	91070	2	180	200	5	1	0	0	0
910711	Danser le présent	1	91071	2	180	200	5	1	0	0	0
910721	剛勇果断、烈火之刀	1	91072	2	180	200	5	1	0	0	0
910741	Illuminate you	1	91074	2	180	200	5	1	0	0	0
910761	春光・Bon appétit	1	91076	2	180	200	5	1	0	0	0
910771	Joy to the World	1	91077	2	180	200	5	1	0	0	0
910781	Breezy Treat	1	91078	2	180	200	5	1	0	0	0
910801	地熱解放オーヴァードライブ	1	91080	2	180	200	5	1	0	0	0
910821	煌めき華やぐアローライン	1	91082	2	180	200	5	1	0	0	0
910831	Immortal Work	1	91083	2	180	200	5	1	0	0	0
910841	深淵のテルプシコラー	1	91084	2	180	200	5	1	0	0	0
910851	蒼炎	1	91085	2	180	200	5	1	0	0	0
910861	解けぬ結い目	1	91086	2	180	200	5	1	0	0	0
910871	ふわもこアワー	1	91087	2	180	200	5	1	0	0	0
910881	夏雷カスケード！	1	91088	2	180	200	5	1	0	0	0
910891	Tidebreaker	1	91089	2	180	200	5	1	0	0	0
910911	ジュ・テーム☆バカンス！	1	91091	2	180	200	5	1	0	0	0
910931	きせき・おもい・かなで	1	91093	2	180	200	5	1	0	0	0
910941	黄昏の血盟	1	91094	2	180	200	5	1	0	0	0
910981	五獣挙りて彩光奏づ	1	91098	2	180	200	5	1	0	0	0
910991	とびだせ☆ポッピングシェル	1	91099	2	180	200	5	1	0	0	0
911001	湯守の和心	1	91100	2	180	200	5	1	0	0	0
911021	ケ・ピアチェーヴォレ！	1	91102	2	180	200	5	1	0	0	0
911041	決意一筆	1	91104	2	180	200	5	1	0	0	0
911051	Encounter with U	1	91105	2	180	200	5	1	0	0	0
911061	小さな奇跡、フォーユー♪	1	91106	2	180	200	5	1	0	0	0
911071	Romantic Horizon	1	91107	2	180	200	5	1	0	0	0
911091	ずっとずっと輝いて	1	91109	2	180	200	5	1	0	0	0
911101	時かけるせせらぎ	1	91110	2	180	200	5	1	0	0	0
911161	不凋なるCattleya	1	91116	2	180	200	5	1	0	0	0
911191	夢寐に見る銀世界	1	91119	2	180	200	5	1	0	0	0
911241	暁霞を拓き、朝を掴む	1	91124	2	180	200	5	1	0	0	0
911321	Watch Us Flourish	1	91132	2	180	200	5	1	0	0	0
920011	威風堂々、夢錦！	1	92001	2	180	200	5	1	0	0	0
920031	歌舞歓楽や、ああをかし	1	92003	2	180	200	5	1	0	0	0
920041	霊験灼然チョベリグ神託	1	92004	2	180	200	5	1	0	0	0
920051	Gloire à toi!	1	92005	2	180	200	5	1	0	0	0
920061	灰の光跡：シンデレラグレイ	1	92006	2	180	200	5	1	0	0	0
920071	Vive la GOLD	1	92007	2	180	200	5	1	0	0	0
920101	Have S'more Love!	1	92010	2	180	200	5	1	0	0	0
920111	演舞・撫子大薙刀	1	92011	2	180	200	5	1	0	0	0
920131	きらめくは海、まばゆきは君	1	92013	2	180	200	5	1	0	0	0
920231	勝利ヘ至ル累積	1	92023	2	180	200	5	1	0	0	0
920241	HOP STEP♪LOCK ON!	1	92024	2	180	200	5	1	0	0	0
920251	迷える時も、幽かなる時も	1	92025	2	180	200	5	1	0	0	0
920301	あおぞらクッキング♪	1	92030	2	180	200	5	1	0	0	0
920311	全力全開！サイクロン	1	92031	2	180	200	5	1	0	0	0
920321	超光速微粒子の可能性	1	92032	2	180	200	5	1	0	0	0
920351	GO! Full-send	1	92035	2	180	200	5	1	0	0	0
920371	潮風のGeschenk	1	92037	2	180	200	5	1	0	0	0
920401	Silent Sunset Gold	1	92040	2	180	200	5	1	0	0	0
920411	桜吹雪くスプリントバースト	1	92041	2	180	200	5	1	0	0	0
920451	忍法・ほほえみ心結の印	1	92045	2	180	200	5	1	0	0	0
920461	Forward March!	1	92046	2	180	200	5	1	0	0	0
920481	ヤバ技☆ジャグルビート	1	92048	2	180	200	5	1	0	0	0
920501	Overdrive Speed	1	92050	2	180	200	5	1	0	0	0
920601	もちっと・ハレハレ	1	92060	2	180	200	5	1	0	0	0
920611	理想へのwinding road	1	92061	2	180	200	5	1	0	0	0
920671	ポンテ・デ・ディアマン	1	92067	2	180	200	5	1	0	0	0
920681	ミンナノアタシへ！	1	92068	2	180	200	5	1	0	0	0
920771	一杯全力、お届けします！	1	92077	2	180	200	5	1	0	0	0

【6. 已排除的混乱/错误】
- 不使用“1201～2300三次函数外推、2300=20355、2300以后封顶”的表。当前固定真实表覆盖0～2800；本文件逐点列出。
- 不生成 LF+1+1+1… 这种不可读名称；使用规范化数字后缀并保留原始Rank ID。
- 不把“每个金技能约500、普通技能约120～240”当精确数据；精确基础值逐技能取自grade_value。
- 不把Hint折扣、切れ者折扣、技能评价分、剩余技能Pt评价混为同一个量。

【7. 完整性校验】
- 属性表行数: 2801；首项 0->0；1200->3841；2300->10117；2800->14280。
- Rank行数: 298；首级 G=0～299；末级 LF174=190400～999999。
- 带价格技能行数: 1129。
